"S21 Log Mag"
"Frequency (Hz)","dB",
300000, -5.764322e+001,
17174625, -6.930951e+001,
34049250, -6.461483e+001,
50923875, -6.453588e+001,
67798500, -8.045210e+001,
84673125, -8.611353e+001,
101547750, -7.459618e+001,
118422375, -8.299463e+001,
135297000, -6.832374e+001,
152171625, -7.121686e+001,
169046250, -7.023357e+001,
185920875, -7.151271e+001,
202795500, -7.058450e+001,
219670125, -6.978252e+001,
236544750, -6.482118e+001,
253419375, -7.701321e+001,
270294000, -7.462796e+001,
287168625, -7.438973e+001,
304043250, -7.247319e+001,
320917875, -6.529176e+001,
337792500, -6.890070e+001,
354667125, -7.370196e+001,
371541750, -7.035021e+001,
388416375, -7.193987e+001,
405291000, -6.835473e+001,
422165625, -7.077413e+001,
439040250, -7.816982e+001,
455914875, -7.921317e+001,
472789500, -7.046977e+001,
489664125, -7.054404e+001,
506538750, -7.064462e+001,
523413375, -7.226154e+001,
540288000, -6.851279e+001,
557162625, -6.652031e+001,
574037250, -7.249083e+001,
590911875, -7.759316e+001,
607786500, -6.306999e+001,
624661125, -6.898273e+001,
641535750, -6.666138e+001,
658410375, -6.506500e+001,
675285000, -6.745180e+001,
692159625, -6.726286e+001,
709034250, -7.275552e+001,
725908875, -6.691545e+001,
742783500, -7.610141e+001,
759658125, -7.137290e+001,
776532750, -6.753900e+001,
793407375, -6.779401e+001,
810282000, -7.107110e+001,
827156625, -7.007717e+001,
844031250, -7.208006e+001,
860905875, -7.051131e+001,
877780500, -6.834839e+001,
894655125, -6.699467e+001,
911529750, -6.908601e+001,
928404375, -7.542725e+001,
945279000, -6.828448e+001,
962153625, -7.000947e+001,
979028250, -7.444392e+001,
995902875, -6.399748e+001,
1012777500, -6.429259e+001,
1029652125, -7.561144e+001,
1046526750, -6.634991e+001,
1063401375, -7.069600e+001,
1080276000, -7.853944e+001,
1097150625, -6.178301e+001,
1114025250, -7.199264e+001,
1130899875, -6.376458e+001,
1147774500, -7.626337e+001,
1164649125, -6.771884e+001,
1181523750, -6.945531e+001,
1198398375, -6.933480e+001,
1215273000, -6.132487e+001,
1232147625, -6.896978e+001,
1249022250, -6.447866e+001,
1265896875, -7.347339e+001,
1282771500, -6.069708e+001,
1299646125, -6.542657e+001,
1316520750, -7.153139e+001,
1333395375, -6.367992e+001,
1350270000, -6.676810e+001,
1367144625, -6.690610e+001,
1384019250, -7.124059e+001,
1400893875, -6.823762e+001,
1417768500, -7.927345e+001,
1434643125, -8.346436e+001,
1451517750, -6.345412e+001,
1468392375, -6.349618e+001,
1485267000, -7.074015e+001,
1502141625, -6.272327e+001,
1519016250, -5.982220e+001,
1535890875, -6.853344e+001,
1552765500, -6.467596e+001,
1569640125, -5.993449e+001,
1586514750, -6.535860e+001,
1603389375, -6.412466e+001,
1620264000, -5.961305e+001,
1637138625, -6.463578e+001,
1654013250, -6.301641e+001,
1670887875, -5.929514e+001,
1687762500, -6.110713e+001,
1704637125, -5.990194e+001,
1721511750, -5.894539e+001,
1738386375, -6.282796e+001,
1755261000, -6.441894e+001,
1772135625, -6.276369e+001,
1789010250, -6.052692e+001,
1805884875, -6.148935e+001,
1822759500, -6.138859e+001,
1839634125, -5.970026e+001,
1856508750, -6.232037e+001,
1873383375, -5.807765e+001,
1890258000, -6.291386e+001,
1907132625, -5.789544e+001,
1924007250, -5.584520e+001,
1940881875, -5.971796e+001,
1957756500, -5.938960e+001,
1974631125, -5.672197e+001,
1991505750, -5.876672e+001,
2008380375, -5.723875e+001,
2025255000, -5.733776e+001,
2042129625, -5.671977e+001,
2059004250, -5.673883e+001,
2075878875, -5.725502e+001,
2092753500, -5.253446e+001,
2109628125, -5.753765e+001,
2126502750, -5.499886e+001,
2143377375, -5.524805e+001,
2160252000, -5.478297e+001,
2177126625, -5.645794e+001,
2194001250, -5.567860e+001,
2210875875, -5.448514e+001,
2227750500, -5.356978e+001,
2244625125, -5.393678e+001,
2261499750, -5.380523e+001,
2278374375, -5.384408e+001,
2295249000, -5.268222e+001,
2312123625, -5.309031e+001,
2328998250, -5.263851e+001,
2345872875, -5.175368e+001,
2362747500, -5.127477e+001,
2379622125, -5.025487e+001,
2396496750, -5.089505e+001,
2413371375, -5.022787e+001,
2430246000, -5.019310e+001,
2447120625, -4.985207e+001,
2463995250, -4.959374e+001,
2480869875, -4.902321e+001,
2497744500, -4.901123e+001,
2514619125, -4.928703e+001,
2531493750, -4.788839e+001,
2548368375, -4.757726e+001,
2565243000, -4.684560e+001,
2582117625, -4.685257e+001,
2598992250, -4.565739e+001,
2615866875, -4.493193e+001,
2632741500, -4.507111e+001,
2649616125, -4.474533e+001,
2666490750, -4.559995e+001,
2683365375, -4.467933e+001,
2700240000, -4.455924e+001,
2717114625, -4.352676e+001,
2733989250, -4.300375e+001,
2750863875, -4.181094e+001,
2767738500, -4.172151e+001,
2784613125, -4.128223e+001,
2801487750, -4.098839e+001,
2818362375, -4.089314e+001,
2835237000, -4.104457e+001,
2852111625, -4.099991e+001,
2868986250, -4.023261e+001,
2885860875, -3.967813e+001,
2902735500, -3.957029e+001,
2919610125, -3.878367e+001,
2936484750, -3.776385e+001,
2953359375, -3.705405e+001,
2970234000, -3.637092e+001,
2987108625, -3.585796e+001,
3003983250, -3.564307e+001,
3020857875, -3.497670e+001,
3037732500, -3.447555e+001,
3054607125, -3.414258e+001,
3071481750, -3.403198e+001,
3088356375, -3.336578e+001,
3105231000, -3.268633e+001,
3122105625, -3.193202e+001,
3138980250, -3.116409e+001,
3155854875, -3.047080e+001,
3172729500, -3.016389e+001,
3189604125, -2.992216e+001,
3206478750, -2.967861e+001,
3223353375, -2.934358e+001,
3240228000, -2.872155e+001,
3257102625, -2.802528e+001,
3273977250, -2.726794e+001,
3290851875, -2.637375e+001,
3307726500, -2.542835e+001,
3324601125, -2.436818e+001,
3341475750, -2.343472e+001,
3358350375, -2.285895e+001,
3375225000, -2.248937e+001,
3392099625, -2.211925e+001,
3408974250, -2.163565e+001,
3425848875, -2.099609e+001,
3442723500, -2.020890e+001,
3459598125, -1.926867e+001,
3476472750, -1.820729e+001,
3493347375, -1.714672e+001,
3510222000, -1.611353e+001,
3527096625, -1.520458e+001,
3543971250, -1.449386e+001,
3560845875, -1.389472e+001,
3577720500, -1.344326e+001,
3594595125, -1.295634e+001,
3611469750, -1.225709e+001,
3628344375, -1.118627e+001,
3645219000, -9.737679e+000,
3662093625, -8.173256e+000,
3678968250, -6.679698e+000,
3695842875, -5.425548e+000,
3712717500, -4.425617e+000,
3729592125, -3.568897e+000,
3746466750, -2.775059e+000,
3763341375, -1.946812e+000,
3780216000, -9.839363e-001,
3797090625, 1.707157e-001,
3813965250, 1.513825e+000,
3830839875, 2.956913e+000,
3847714500, 4.251158e+000,
3864589125, 5.159642e+000,
3881463750, 5.672004e+000,
3898338375, 5.957492e+000,
3915213000, 6.186810e+000,
3932087625, 6.472939e+000,
3948962250, 6.819986e+000,
3965836875, 7.121272e+000,
3982711500, 7.263930e+000,
3999586125, 7.252140e+000,
4016460750, 7.191396e+000,
4033335375, 7.150367e+000,
4050210000, 7.126793e+000,
4067084625, 7.076779e+000,
4083959250, 7.049798e+000,
4100833875, 7.046910e+000,
4117708500, 7.060208e+000,
4134583125, 7.053027e+000,
4151457750, 7.054467e+000,
4168332375, 7.087267e+000,
4185207000, 7.149206e+000,
4202081625, 7.189448e+000,
4218956250, 7.201987e+000,
4235830875, 7.175470e+000,
4252705500, 7.156995e+000,
4269580125, 7.158539e+000,
4286454750, 7.175406e+000,
4303329375, 7.220088e+000,
4320204000, 7.255717e+000,
4337078625, 7.261715e+000,
4353953250, 7.225235e+000,
4370827875, 7.124299e+000,
4387702500, 6.966514e+000,
4404577125, 6.818062e+000,
4421451750, 6.742601e+000,
4438326375, 6.751841e+000,
4455201000, 6.815460e+000,
4472075625, 6.891833e+000,
4488950250, 6.966742e+000,
4505824875, 7.023279e+000,
4522699500, 7.003215e+000,
4539574125, 6.889731e+000,
4556448750, 6.764619e+000,
4573323375, 6.714437e+000,
4590198000, 6.710130e+000,
4607072625, 6.701724e+000,
4623947250, 6.732199e+000,
4640821875, 6.855539e+000,
4657696500, 6.999804e+000,
4674571125, 7.045385e+000,
4691445750, 6.991326e+000,
4708320375, 6.967938e+000,
4725195000, 7.034466e+000,
4742069625, 7.129017e+000,
4758944250, 7.183514e+000,
4775818875, 7.199261e+000,
4792693500, 7.177375e+000,
4809568125, 7.139847e+000,
4826442750, 7.062727e+000,
4843317375, 6.954424e+000,
4860192000, 6.827106e+000,
4877066625, 6.745694e+000,
4893941250, 6.744648e+000,
4910815875, 6.786345e+000,
4927690500, 6.837327e+000,
4944565125, 6.860688e+000,
4961439750, 6.845380e+000,
4978314375, 6.789545e+000,
4995189000, 6.690141e+000,
5012063625, 6.604043e+000,
5028938250, 6.544593e+000,
5045812875, 6.526505e+000,
5062687500, 6.565540e+000,
5079562125, 6.667824e+000,
5096436750, 6.820476e+000,
5113311375, 6.948038e+000,
5130186000, 7.016541e+000,
5147060625, 6.984541e+000,
5163935250, 6.887928e+000,
5180809875, 6.761924e+000,
5197684500, 6.735015e+000,
5214559125, 6.816180e+000,
5231433750, 6.902266e+000,
5248308375, 6.925389e+000,
5265183000, 6.933090e+000,
5282057625, 6.977189e+000,
5298932250, 6.985078e+000,
5315806875, 6.906480e+000,
5332681500, 6.792600e+000,
5349556125, 6.754870e+000,
5366430750, 6.780883e+000,
5383305375, 6.825582e+000,
5400180000, 6.875936e+000,
5417054625, 6.940671e+000,
5433929250, 6.996356e+000,
5450803875, 7.039529e+000,
5467678500, 7.081228e+000,
5484553125, 7.111567e+000,
5501427750, 7.139713e+000,
5518302375, 7.172106e+000,
5535177000, 7.206178e+000,
5552051625, 7.231141e+000,
5568926250, 7.229525e+000,
5585800875, 7.227284e+000,
5602675500, 7.207988e+000,
5619550125, 7.148374e+000,
5636424750, 7.080753e+000,
5653299375, 7.065541e+000,
5670174000, 7.083485e+000,
5687048625, 7.097426e+000,
5703923250, 7.072711e+000,
5720797875, 7.045460e+000,
5737672500, 7.020093e+000,
5754547125, 6.981471e+000,
5771421750, 6.906666e+000,
5788296375, 6.807846e+000,
5805171000, 6.704190e+000,
5822045625, 6.625029e+000,
5838920250, 6.629156e+000,
5855794875, 6.713785e+000,
5872669500, 6.816857e+000,
5889544125, 6.892532e+000,
5906418750, 6.946168e+000,
5923293375, 6.994914e+000,
5940168000, 7.004184e+000,
5957042625, 6.985719e+000,
5973917250, 6.961264e+000,
5990791875, 6.961683e+000,
6007666500, 6.969434e+000,
6024541125, 7.027798e+000,
6041415750, 7.114723e+000,
6058290375, 7.214908e+000,
6075165000, 7.289913e+000,
6092039625, 7.319361e+000,
6108914250, 7.304537e+000,
6125788875, 7.289103e+000,
6142663500, 7.268018e+000,
6159538125, 7.251763e+000,
6176412750, 7.238862e+000,
6193287375, 7.235479e+000,
6210162000, 7.237055e+000,
6227036625, 7.229427e+000,
6243911250, 7.209527e+000,
6260785875, 7.180418e+000,
6277660500, 7.192719e+000,
6294535125, 7.241670e+000,
6311409750, 7.275539e+000,
6328284375, 7.276003e+000,
6345159000, 7.243223e+000,
6362033625, 7.202516e+000,
6378908250, 7.153653e+000,
6395782875, 7.118241e+000,
6412657500, 7.119861e+000,
6429532125, 7.168465e+000,
6446406750, 7.210608e+000,
6463281375, 7.198901e+000,
6480156000, 7.145227e+000,
6497030625, 7.107450e+000,
6513905250, 7.088369e+000,
6530779875, 7.028926e+000,
6547654500, 6.869351e+000,
6564529125, 6.726711e+000,
6581403750, 6.700006e+000,
6598278375, 6.796733e+000,
6615153000, 6.920633e+000,
6632027625, 6.982908e+000,
6648902250, 7.018799e+000,
6665776875, 7.078550e+000,
6682651500, 7.140326e+000,
6699526125, 7.136521e+000,
6716400750, 7.090818e+000,
6733275375, 7.068346e+000,
6750150000, 7.099985e+000,
6767024625, 7.156840e+000,
6783899250, 7.183930e+000,
6800773875, 7.170934e+000,
6817648500, 7.166989e+000,
6834523125, 7.200966e+000,
6851397750, 7.285035e+000,
6868272375, 7.308096e+000,
6885147000, 7.277373e+000,
6902021625, 7.266719e+000,
6918896250, 7.310408e+000,
6935770875, 7.358239e+000,
6952645500, 7.358094e+000,
6969520125, 7.326427e+000,
6986394750, 7.326118e+000,
7003269375, 7.348082e+000,
7020144000, 7.340281e+000,
7037018625, 7.320971e+000,
7053893250, 7.323324e+000,
7070767875, 7.366379e+000,
7087642500, 7.417800e+000,
7104517125, 7.417740e+000,
7121391750, 7.370978e+000,
7138266375, 7.314050e+000,
7155141000, 7.319055e+000,
7172015625, 7.322499e+000,
7188890250, 7.264180e+000,
7205764875, 7.165590e+000,
7222639500, 7.141008e+000,
7239514125, 7.215669e+000,
7256388750, 7.282990e+000,
7273263375, 7.284282e+000,
7290138000, 7.274477e+000,
7307012625, 7.314553e+000,
7323887250, 7.364813e+000,
7340761875, 7.344693e+000,
7357636500, 7.271238e+000,
7374511125, 7.256698e+000,
7391385750, 7.306998e+000,
7408260375, 7.375842e+000,
7425135000, 7.414130e+000,
7442009625, 7.408438e+000,
7458884250, 7.387645e+000,
7475758875, 7.405279e+000,
7492633500, 7.431988e+000,
7509508125, 7.420485e+000,
7526382750, 7.367138e+000,
7543257375, 7.350773e+000,
7560132000, 7.373777e+000,
7577006625, 7.379371e+000,
7593881250, 7.332390e+000,
7610755875, 7.306523e+000,
7627630500, 7.376511e+000,
7644505125, 7.470612e+000,
7661379750, 7.506805e+000,
7678254375, 7.472869e+000,
7695129000, 7.477565e+000,
7712003625, 7.509712e+000,
7728878250, 7.544545e+000,
7745752875, 7.530125e+000,
7762627500, 7.509354e+000,
7779502125, 7.487300e+000,
7796376750, 7.501213e+000,
7813251375, 7.535187e+000,
7830126000, 7.556088e+000,
7847000625, 7.571129e+000,
7863875250, 7.578058e+000,
7880749875, 7.592709e+000,
7897624500, 7.596200e+000,
7914499125, 7.582937e+000,
7931373750, 7.586260e+000,
7948248375, 7.610334e+000,
7965123000, 7.617110e+000,
7981997625, 7.605136e+000,
7998872250, 7.564226e+000,
8015746875, 7.545456e+000,
8032621500, 7.534688e+000,
8049496125, 7.504784e+000,
8066370750, 7.486783e+000,
8083245375, 7.516365e+000,
8100120000, 7.575010e+000,
8116994625, 7.593023e+000,
8133869250, 7.565974e+000,
8150743875, 7.509302e+000,
8167618500, 7.498448e+000,
8184493125, 7.540282e+000,
8201367750, 7.561931e+000,
8218242375, 7.489786e+000,
8235117000, 7.361092e+000,
8251991625, 7.307743e+000,
8268866250, 7.387012e+000,
8285740875, 7.509522e+000,
8302615500, 7.592875e+000,
8319490125, 7.633371e+000,
8336364750, 7.669103e+000,
8353239375, 7.723186e+000,
8370114000, 7.746422e+000,
8386988625, 7.718359e+000,
8403863250, 7.678028e+000,
8420737875, 7.676212e+000,
8437612500, 7.709319e+000,
8454487125, 7.732503e+000,
8471361750, 7.735813e+000,
8488236375, 7.733391e+000,
8505111000, 7.745220e+000,
8521985625, 7.762670e+000,
8538860250, 7.755226e+000,
8555734875, 7.726036e+000,
8572609500, 7.696433e+000,
8589484125, 7.702983e+000,
8606358750, 7.713181e+000,
8623233375, 7.721961e+000,
8640108000, 7.737320e+000,
8656982625, 7.771521e+000,
8673857250, 7.826029e+000,
8690731875, 7.835760e+000,
8707606500, 7.820352e+000,
8724481125, 7.801424e+000,
8741355750, 7.802099e+000,
8758230375, 7.816297e+000,
8775105000, 7.849322e+000,
8791979625, 7.880861e+000,
8808854250, 7.910719e+000,
8825728875, 7.944682e+000,
8842603500, 7.968638e+000,
8859478125, 7.960541e+000,
8876352750, 7.913380e+000,
8893227375, 7.893570e+000,
8910102000, 7.903852e+000,
8926976625, 7.900573e+000,
8943851250, 7.847813e+000,
8960725875, 7.793957e+000,
8977600500, 7.786432e+000,
8994475125, 7.849315e+000,
9011349750, 7.886616e+000,
9028224375, 7.879153e+000,
9045099000, 7.872362e+000,
9061973625, 7.906892e+000,
9078848250, 7.926085e+000,
9095722875, 7.896836e+000,
9112597500, 7.853150e+000,
9129472125, 7.818494e+000,
9146346750, 7.762488e+000,
9163221375, 7.676433e+000,
9180096000, 7.549038e+000,
9196970625, 7.453519e+000,
9213845250, 7.437734e+000,
9230719875, 7.534806e+000,
9247594500, 7.691063e+000,
9264469125, 7.824486e+000,
9281343750, 7.911013e+000,
9298218375, 7.955735e+000,
9315093000, 7.977388e+000,
9331967625, 7.972242e+000,
9348842250, 7.926500e+000,
9365716875, 7.868598e+000,
9382591500, 7.809462e+000,
9399466125, 7.783952e+000,
9416340750, 7.804883e+000,
9433215375, 7.859751e+000,
9450090000, 7.932818e+000,
9466964625, 7.989003e+000,
9483839250, 8.015293e+000,
9500713875, 8.025579e+000,
9517588500, 7.987729e+000,
9534463125, 7.945442e+000,
9551337750, 7.934330e+000,
9568212375, 7.954209e+000,
9585087000, 7.983866e+000,
9601961625, 8.010082e+000,
9618836250, 8.036262e+000,
9635710875, 8.072575e+000,
9652585500, 8.091336e+000,
9669460125, 8.080295e+000,
9686334750, 8.067769e+000,
9703209375, 8.060226e+000,
9720084000, 8.074592e+000,
9736958625, 8.080514e+000,
9753833250, 8.062236e+000,
9770707875, 7.982627e+000,
9787582500, 7.854182e+000,
9804457125, 7.750719e+000,
9821331750, 7.755999e+000,
9838206375, 7.860065e+000,
9855081000, 7.955016e+000,
9871955625, 8.004204e+000,
9888830250, 8.014338e+000,
9905704875, 8.018142e+000,
9922579500, 7.999134e+000,
9939454125, 7.930912e+000,
9956328750, 7.848160e+000,
9973203375, 7.804995e+000,
9990078000, 7.860885e+000,
10006952625, 7.993664e+000,
10023827250, 8.078392e+000,
10040701875, 8.079219e+000,
10057576500, 8.105143e+000,
10074451125, 8.172567e+000,
10091325750, 8.176491e+000,
10108200375, 8.051976e+000,
10125075000, 7.914486e+000,
10141949625, 7.895603e+000,
10158824250, 7.960242e+000,
10175698875, 7.996316e+000,
10192573500, 8.001280e+000,
10209448125, 8.008012e+000,
10226322750, 7.995914e+000,
10243197375, 7.931320e+000,
10260072000, 7.863032e+000,
10276946625, 7.808900e+000,
10293821250, 7.761691e+000,
10310695875, 7.754914e+000,
10327570500, 7.805380e+000,
10344445125, 7.833246e+000,
10361319750, 7.762982e+000,
10378194375, 7.687047e+000,
10395069000, 7.761508e+000,
10411943625, 7.921587e+000,
10428818250, 8.021957e+000,
10445692875, 8.026154e+000,
10462567500, 8.114566e+000,
10479442125, 8.236870e+000,
10496316750, 8.228277e+000,
10513191375, 8.062042e+000,
10530066000, 7.933557e+000,
10546940625, 7.904757e+000,
10563815250, 7.881181e+000,
10580689875, 7.834226e+000,
10597564500, 7.838404e+000,
10614439125, 7.939976e+000,
10631313750, 8.108088e+000,
10648188375, 8.258180e+000,
10665063000, 8.288041e+000,
10681937625, 8.173488e+000,
10698812250, 8.041595e+000,
10715686875, 7.974583e+000,
10732561500, 7.884090e+000,
10749436125, 7.746528e+000,
10766310750, 7.680525e+000,
10783185375, 7.769164e+000,
10800060000, 7.889786e+000,
10816934625, 7.882266e+000,
10833809250, 7.802564e+000,
10850683875, 7.822556e+000,
10867558500, 7.907548e+000,
10884433125, 7.931483e+000,
10901307750, 7.882190e+000,
10918182375, 7.846244e+000,
10935057000, 7.929883e+000,
10951931625, 8.034681e+000,
10968806250, 8.105098e+000,
10985680875, 8.053186e+000,
11002555500, 7.966382e+000,
11019430125, 7.940838e+000,
11036304750, 8.006798e+000,
11053179375, 8.029860e+000,
11070054000, 7.934643e+000,
11086928625, 7.856698e+000,
11103803250, 7.945019e+000,
11120677875, 8.073144e+000,
11137552500, 8.100253e+000,
11154427125, 7.999875e+000,
11171301750, 7.929180e+000,
11188176375, 7.948711e+000,
11205051000, 8.007992e+000,
11221925625, 8.027376e+000,
11238800250, 8.046439e+000,
11255674875, 8.099675e+000,
11272549500, 8.141551e+000,
11289424125, 8.080648e+000,
11306298750, 7.952633e+000,
11323173375, 7.894166e+000,
11340048000, 7.951795e+000,
11356922625, 8.048268e+000,
11373797250, 8.040241e+000,
11390671875, 7.986606e+000,
11407546500, 8.005901e+000,
11424421125, 8.110485e+000,
11441295750, 8.174528e+000,
11458170375, 8.103733e+000,
11475045000, 8.034904e+000,
11491919625, 8.048666e+000,
11508794250, 8.066852e+000,
11525668875, 7.955853e+000,
11542543500, 7.811417e+000,
11559418125, 7.776699e+000,
11576292750, 7.878021e+000,
11593167375, 7.914306e+000,
11610042000, 7.786192e+000,
11626916625, 7.671983e+000,
11643791250, 7.721560e+000,
11660665875, 7.870476e+000,
11677540500, 7.903074e+000,
11694415125, 7.725913e+000,
11711289750, 7.568336e+000,
11728164375, 7.591591e+000,
11745039000, 7.677342e+000,
11761913625, 7.616519e+000,
11778788250, 7.397895e+000,
11795662875, 7.281754e+000,
11812537500, 7.388994e+000,
11829412125, 7.522198e+000,
11846286750, 7.432681e+000,
11863161375, 7.204246e+000,
11880036000, 7.141664e+000,
11896910625, 7.291926e+000,
11913785250, 7.452724e+000,
11930659875, 7.449858e+000,
11947534500, 7.388373e+000,
11964409125, 7.486454e+000,
11981283750, 7.629662e+000,
11998158375, 7.616828e+000,
12015033000, 7.371072e+000,
12031907625, 7.190263e+000,
12048782250, 7.278697e+000,
12065656875, 7.485349e+000,
12082531500, 7.466848e+000,
12099406125, 7.164202e+000,
12116280750, 6.893060e+000,
12133155375, 6.734776e+000,
12150030000, 6.634526e+000,
12166904625, 6.405338e+000,
12183779250, 6.117433e+000,
12200653875, 5.894084e+000,
12217528500, 5.699046e+000,
12234403125, 5.225655e+000,
12251277750, 4.461332e+000,
12268152375, 3.626405e+000,
12285027000, 2.938375e+000,
12301901625, 2.390749e+000,
12318776250, 1.823672e+000,
12335650875, 1.264308e+000,
12352525500, 1.018391e+000,
12369400125, 1.017885e+000,
12386274750, 7.601528e-001,
12403149375, -1.529709e-001,
12420024000, -1.511755e+000,
12436898625, -2.822928e+000,
12453773250, -3.795921e+000,
12470647875, -4.437009e+000,
12487522500, -4.806300e+000,
12504397125, -4.853929e+000,
12521271750, -4.720267e+000,
12538146375, -4.625224e+000,
12555021000, -4.896794e+000,
12571895625, -5.635889e+000,
12588770250, -6.739986e+000,
12605644875, -7.944196e+000,
12622519500, -9.245827e+000,
12639394125, -1.052938e+001,
12656268750, -1.159733e+001,
12673143375, -1.204984e+001,
12690018000, -1.185009e+001,
12706892625, -1.137878e+001,
12723767250, -1.094080e+001,
12740641875, -1.099614e+001,
12757516500, -1.166963e+001,
12774391125, -1.292475e+001,
12791265750, -1.438234e+001,
12808140375, -1.573826e+001,
12825015000, -1.675833e+001,
12841889625, -1.738228e+001,
12858764250, -1.775686e+001,
12875638875, -1.809152e+001,
12892513500, -1.840377e+001,
12909388125, -1.862485e+001,
12926262750, -1.897047e+001,
12943137375, -1.952980e+001,
12960012000, -2.011425e+001,
12976886625, -2.072869e+001,
12993761250, -2.128725e+001,
13010635875, -2.178384e+001,
13027510500, -2.207025e+001,
13044385125, -2.234769e+001,
13061259750, -2.217798e+001,
13078134375, -2.216574e+001,
13095009000, -2.264422e+001,
13111883625, -2.349484e+001,
13128758250, -2.454987e+001,
13145632875, -2.575978e+001,
13162507500, -2.648280e+001,
13179382125, -2.742385e+001,
13196256750, -2.828902e+001,
13213131375, -2.823319e+001,
13230006000, -2.811683e+001,
13246880625, -2.791443e+001,
13263755250, -2.809582e+001,
13280629875, -2.891642e+001,
13297504500, -2.961711e+001,
13314379125, -3.038310e+001,
13331253750, -3.093955e+001,
13348128375, -3.214848e+001,
13365003000, -3.219683e+001,
13381877625, -3.216077e+001,
13398752250, -3.218034e+001,
13415626875, -3.243054e+001,
13432501500, -3.305024e+001,
13449376125, -3.235176e+001,
13466250750, -3.288242e+001,
13483125375, -3.317197e+001,
13500000000, -3.381871e+001,
