"S21 Log Mag"
"Frequency (Hz)","dB",
300000, -5.399221e-002,
17174625, -1.843153e-001,
34049250, -2.601061e-001,
50923875, -3.225489e-001,
67798500, -3.744241e-001,
84673125, -4.148003e-001,
101547750, -4.619604e-001,
118422375, -4.992002e-001,
135297000, -5.341746e-001,
152171625, -5.642912e-001,
169046250, -6.048571e-001,
185920875, -6.279905e-001,
202795500, -6.549357e-001,
219670125, -6.874392e-001,
236544750, -7.106254e-001,
253419375, -7.326674e-001,
270294000, -7.633989e-001,
287168625, -7.794973e-001,
304043250, -8.159391e-001,
320917875, -8.404822e-001,
337792500, -8.502663e-001,
354667125, -8.661174e-001,
371541750, -8.857970e-001,
388416375, -9.082276e-001,
405291000, -9.276468e-001,
422165625, -9.503372e-001,
439040250, -9.683092e-001,
455914875, -9.938290e-001,
472789500, -1.003597e+000,
489664125, -1.024795e+000,
506538750, -1.042544e+000,
523413375, -1.059379e+000,
540288000, -1.088312e+000,
557162625, -1.116949e+000,
574037250, -1.116598e+000,
590911875, -1.123934e+000,
607786500, -1.137939e+000,
624661125, -1.149655e+000,
641535750, -1.169596e+000,
658410375, -1.185798e+000,
675285000, -1.194359e+000,
692159625, -1.214148e+000,
709034250, -1.228485e+000,
725908875, -1.241152e+000,
742783500, -1.267189e+000,
759658125, -1.271717e+000,
776532750, -1.282144e+000,
793407375, -1.308865e+000,
810282000, -1.313642e+000,
827156625, -1.328074e+000,
844031250, -1.342904e+000,
860905875, -1.351370e+000,
877780500, -1.363653e+000,
894655125, -1.376665e+000,
911529750, -1.397720e+000,
928404375, -1.408748e+000,
945279000, -1.420239e+000,
962153625, -1.431324e+000,
979028250, -1.447697e+000,
995902875, -1.463494e+000,
1012777500, -1.472877e+000,
1029652125, -1.486530e+000,
1046526750, -1.491899e+000,
1063401375, -1.502420e+000,
1080276000, -1.515325e+000,
1097150625, -1.528698e+000,
1114025250, -1.540925e+000,
1130899875, -1.554420e+000,
1147774500, -1.564726e+000,
1164649125, -1.578254e+000,
1181523750, -1.593468e+000,
1198398375, -1.598601e+000,
1215273000, -1.607580e+000,
1232147625, -1.626029e+000,
1249022250, -1.639172e+000,
1265896875, -1.652278e+000,
1282771500, -1.657864e+000,
1299646125, -1.669141e+000,
1316520750, -1.681170e+000,
1333395375, -1.688267e+000,
1350270000, -1.707448e+000,
1367144625, -1.715997e+000,
1384019250, -1.718119e+000,
1400893875, -1.735389e+000,
1417768500, -1.753849e+000,
1434643125, -1.760394e+000,
1451517750, -1.770237e+000,
1468392375, -1.781033e+000,
1485267000, -1.788614e+000,
1502141625, -1.800681e+000,
1519016250, -1.807551e+000,
1535890875, -1.824221e+000,
1552765500, -1.827241e+000,
1569640125, -1.841672e+000,
1586514750, -1.849870e+000,
1603389375, -1.870848e+000,
1620264000, -1.884506e+000,
1637138625, -1.885090e+000,
1654013250, -1.886200e+000,
1670887875, -1.902431e+000,
1687762500, -1.906466e+000,
1704637125, -1.915573e+000,
1721511750, -1.937557e+000,
1738386375, -1.942542e+000,
1755261000, -1.944777e+000,
1772135625, -1.956681e+000,
1789010250, -1.970114e+000,
1805884875, -1.974556e+000,
1822759500, -1.983548e+000,
1839634125, -1.991736e+000,
1856508750, -2.006202e+000,
1873383375, -2.020367e+000,
1890258000, -2.028132e+000,
1907132625, -2.038524e+000,
1924007250, -2.049462e+000,
1940881875, -2.058888e+000,
1957756500, -2.077186e+000,
1974631125, -2.080342e+000,
1991505750, -2.092428e+000,
2008380375, -2.093488e+000,
2025255000, -2.110032e+000,
2042129625, -2.122451e+000,
2059004250, -2.124949e+000,
2075878875, -2.129488e+000,
2092753500, -2.140638e+000,
2109628125, -2.151348e+000,
2126502750, -2.158472e+000,
2143377375, -2.177016e+000,
2160252000, -2.177007e+000,
2177126625, -2.197531e+000,
2194001250, -2.212772e+000,
2210875875, -2.210239e+000,
2227750500, -2.212203e+000,
2244625125, -2.220351e+000,
2261499750, -2.235586e+000,
2278374375, -2.246852e+000,
2295249000, -2.251647e+000,
2312123625, -2.275134e+000,
2328998250, -2.296461e+000,
2345872875, -2.291385e+000,
2362747500, -2.302311e+000,
2379622125, -2.308952e+000,
2396496750, -2.318814e+000,
2413371375, -2.341942e+000,
2430246000, -2.366899e+000,
2447120625, -2.347596e+000,
2463995250, -2.353624e+000,
2480869875, -2.361077e+000,
2497744500, -2.382812e+000,
2514619125, -2.409112e+000,
2531493750, -2.391830e+000,
2548368375, -2.394336e+000,
2565243000, -2.401923e+000,
2582117625, -2.419248e+000,
2598992250, -2.434880e+000,
2615866875, -2.445979e+000,
2632741500, -2.444394e+000,
2649616125, -2.456602e+000,
2666490750, -2.467804e+000,
2683365375, -2.464496e+000,
2700240000, -2.486533e+000,
2717114625, -2.493798e+000,
2733989250, -2.505540e+000,
2750863875, -2.524795e+000,
2767738500, -2.529294e+000,
2784613125, -2.527176e+000,
2801487750, -2.536370e+000,
2818362375, -2.548470e+000,
2835237000, -2.569455e+000,
2852111625, -2.571721e+000,
2868986250, -2.577684e+000,
2885860875, -2.612887e+000,
2902735500, -2.608669e+000,
2919610125, -2.599293e+000,
2936484750, -2.614240e+000,
2953359375, -2.618569e+000,
2970234000, -2.628112e+000,
2987108625, -2.641719e+000,
3003983250, -2.650505e+000,
3020857875, -2.676603e+000,
3037732500, -2.671590e+000,
3054607125, -2.671757e+000,
3071481750, -2.688699e+000,
3088356375, -2.690742e+000,
3105231000, -2.686579e+000,
3122105625, -2.688848e+000,
3138980250, -2.694429e+000,
3155854875, -2.692457e+000,
3172729500, -2.710277e+000,
3189604125, -2.714004e+000,
3206478750, -2.735141e+000,
3223353375, -2.744971e+000,
3240228000, -2.734407e+000,
3257102625, -2.736356e+000,
3273977250, -2.748889e+000,
3290851875, -2.770577e+000,
3307726500, -2.774443e+000,
3324601125, -2.775059e+000,
3341475750, -2.774541e+000,
3358350375, -2.787807e+000,
3375225000, -2.778381e+000,
3392099625, -2.793684e+000,
3408974250, -2.805414e+000,
3425848875, -2.808921e+000,
3442723500, -2.814007e+000,
3459598125, -2.835024e+000,
3476472750, -2.832558e+000,
3493347375, -2.846611e+000,
3510222000, -2.847381e+000,
3527096625, -2.852970e+000,
3543971250, -2.866091e+000,
3560845875, -2.858256e+000,
3577720500, -2.867513e+000,
3594595125, -2.867465e+000,
3611469750, -2.887762e+000,
3628344375, -2.913741e+000,
3645219000, -2.923235e+000,
3662093625, -2.915623e+000,
3678968250, -2.920696e+000,
3695842875, -2.907971e+000,
3712717500, -2.934124e+000,
3729592125, -2.937945e+000,
3746466750, -2.942465e+000,
3763341375, -2.942516e+000,
3780216000, -2.955369e+000,
3797090625, -2.960218e+000,
3813965250, -2.979465e+000,
3830839875, -2.976688e+000,
3847714500, -2.978667e+000,
3864589125, -2.978553e+000,
3881463750, -2.984909e+000,
3898338375, -2.991574e+000,
3915213000, -3.003021e+000,
3932087625, -2.999747e+000,
3948962250, -3.014076e+000,
3965836875, -3.015094e+000,
3982711500, -3.029113e+000,
3999586125, -3.041477e+000,
4016460750, -3.032569e+000,
4033335375, -3.045963e+000,
4050210000, -3.052208e+000,
4067084625, -3.078278e+000,
4083959250, -3.081854e+000,
4100833875, -3.088892e+000,
4117708500, -3.087215e+000,
4134583125, -3.091871e+000,
4151457750, -3.101758e+000,
4168332375, -3.122009e+000,
4185207000, -3.153896e+000,
4202081625, -3.146145e+000,
4218956250, -3.146733e+000,
4235830875, -3.144690e+000,
4252705500, -3.159159e+000,
4269580125, -3.159737e+000,
4286454750, -3.176183e+000,
4303329375, -3.178147e+000,
4320204000, -3.180603e+000,
4337078625, -3.189163e+000,
4353953250, -3.197714e+000,
4370827875, -3.210781e+000,
4387702500, -3.220164e+000,
4404577125, -3.235817e+000,
4421451750, -3.218617e+000,
4438326375, -3.245584e+000,
4455201000, -3.252330e+000,
4472075625, -3.264511e+000,
4488950250, -3.283609e+000,
4505824875, -3.289210e+000,
4522699500, -3.322794e+000,
4539574125, -3.334040e+000,
4556448750, -3.327865e+000,
4573323375, -3.320659e+000,
4590198000, -3.335861e+000,
4607072625, -3.360086e+000,
4623947250, -3.392354e+000,
4640821875, -3.397069e+000,
4657696500, -3.366613e+000,
4674571125, -3.368158e+000,
4691445750, -3.362822e+000,
4708320375, -3.398197e+000,
4725195000, -3.418179e+000,
4742069625, -3.432842e+000,
4758944250, -3.429139e+000,
4775818875, -3.425408e+000,
4792693500, -3.424861e+000,
4809568125, -3.444966e+000,
4826442750, -3.453896e+000,
4843317375, -3.460996e+000,
4860192000, -3.468905e+000,
4877066625, -3.473464e+000,
4893941250, -3.487178e+000,
4910815875, -3.494184e+000,
4927690500, -3.501681e+000,
4944565125, -3.510027e+000,
4961439750, -3.526596e+000,
4978314375, -3.530818e+000,
4995189000, -3.548690e+000,
5012063625, -3.554336e+000,
5028938250, -3.575018e+000,
5045812875, -3.608168e+000,
5062687500, -3.629701e+000,
5079562125, -3.644286e+000,
5096436750, -3.653167e+000,
5113311375, -3.645188e+000,
5130186000, -3.662367e+000,
5147060625, -3.704546e+000,
5163935250, -3.707134e+000,
5180809875, -3.715426e+000,
5197684500, -3.669636e+000,
5214559125, -3.640961e+000,
5231433750, -3.638033e+000,
5248308375, -3.659485e+000,
5265183000, -3.651598e+000,
5282057625, -3.651050e+000,
5298932250, -3.662779e+000,
5315806875, -3.676920e+000,
5332681500, -3.694012e+000,
5349556125, -3.712975e+000,
5366430750, -3.685985e+000,
5383305375, -3.679781e+000,
5400180000, -3.695189e+000,
5417054625, -3.696716e+000,
5433929250, -3.697116e+000,
5450803875, -3.693928e+000,
5467678500, -3.699925e+000,
5484553125, -3.710462e+000,
5501427750, -3.723040e+000,
5518302375, -3.746764e+000,
5535177000, -3.743266e+000,
5552051625, -3.716688e+000,
5568926250, -3.719172e+000,
5585800875, -3.734577e+000,
5602675500, -3.761391e+000,
5619550125, -3.789149e+000,
5636424750, -3.784031e+000,
5653299375, -3.772299e+000,
5670174000, -3.809146e+000,
5687048625, -3.842002e+000,
5703923250, -3.858609e+000,
5720797875, -3.801286e+000,
5737672500, -3.765153e+000,
5754547125, -3.739216e+000,
5771421750, -3.752929e+000,
5788296375, -3.813860e+000,
5805171000, -3.847448e+000,
5822045625, -3.817824e+000,
5838920250, -3.801832e+000,
5855794875, -3.825697e+000,
5872669500, -3.832678e+000,
5889544125, -3.901664e+000,
5906418750, -3.902205e+000,
5923293375, -3.870470e+000,
5940168000, -3.833380e+000,
5957042625, -3.829490e+000,
5973917250, -3.812571e+000,
5990791875, -3.811754e+000,
6007666500, -3.812364e+000,
6024541125, -3.822263e+000,
6041415750, -3.853741e+000,
6058290375, -3.871575e+000,
6075165000, -3.882297e+000,
6092039625, -3.836615e+000,
6108914250, -3.837343e+000,
6125788875, -3.840975e+000,
6142663500, -3.876288e+000,
6159538125, -3.923225e+000,
6176412750, -3.951733e+000,
6193287375, -3.920022e+000,
6210162000, -3.914476e+000,
6227036625, -3.923432e+000,
6243911250, -3.899454e+000,
6260785875, -3.897398e+000,
6277660500, -3.864586e+000,
6294535125, -3.862632e+000,
6311409750, -3.881080e+000,
6328284375, -3.893627e+000,
6345159000, -3.911047e+000,
6362033625, -3.939890e+000,
6378908250, -3.972520e+000,
6395782875, -4.025990e+000,
6412657500, -4.033347e+000,
6429532125, -4.001297e+000,
6446406750, -3.985569e+000,
6463281375, -3.975126e+000,
6480156000, -3.951320e+000,
6497030625, -3.964791e+000,
6513905250, -3.975081e+000,
6530779875, -3.996066e+000,
6547654500, -4.028187e+000,
6564529125, -4.044751e+000,
6581403750, -4.023618e+000,
6598278375, -3.985599e+000,
6615153000, -3.996942e+000,
6632027625, -4.012168e+000,
6648902250, -4.049018e+000,
6665776875, -4.119464e+000,
6682651500, -4.126273e+000,
6699526125, -4.101989e+000,
6716400750, -4.106792e+000,
6733275375, -4.080864e+000,
6750150000, -4.056138e+000,
6767024625, -4.033297e+000,
6783899250, -4.017684e+000,
6800773875, -4.031408e+000,
6817648500, -4.038050e+000,
6834523125, -4.090734e+000,
6851397750, -4.090351e+000,
6868272375, -4.091298e+000,
6885147000, -4.065224e+000,
6902021625, -4.051432e+000,
6918896250, -4.049887e+000,
6935770875, -4.076353e+000,
6952645500, -4.090797e+000,
6969520125, -4.099662e+000,
6986394750, -4.092349e+000,
7003269375, -4.097411e+000,
7020144000, -4.086096e+000,
7037018625, -4.103673e+000,
7053893250, -4.087583e+000,
7070767875, -4.113044e+000,
7087642500, -4.100040e+000,
7104517125, -4.149623e+000,
7121391750, -4.176256e+000,
7138266375, -4.199555e+000,
7155141000, -4.199862e+000,
7172015625, -4.215152e+000,
7188890250, -4.187046e+000,
7205764875, -4.153755e+000,
7222639500, -4.172663e+000,
7239514125, -4.160419e+000,
7256388750, -4.192732e+000,
7273263375, -4.218706e+000,
7290138000, -4.216974e+000,
7307012625, -4.201056e+000,
7323887250, -4.238289e+000,
7340761875, -4.230693e+000,
7357636500, -4.231470e+000,
7374511125, -4.240841e+000,
7391385750, -4.230978e+000,
7408260375, -4.221647e+000,
7425135000, -4.185870e+000,
7442009625, -4.218916e+000,
7458884250, -4.234492e+000,
7475758875, -4.254595e+000,
7492633500, -4.262263e+000,
7509508125, -4.310775e+000,
7526382750, -4.287726e+000,
7543257375, -4.343369e+000,
7560132000, -4.345243e+000,
7577006625, -4.311263e+000,
7593881250, -4.324676e+000,
7610755875, -4.325022e+000,
7627630500, -4.289058e+000,
7644505125, -4.290083e+000,
7661379750, -4.292205e+000,
7678254375, -4.296675e+000,
7695129000, -4.331082e+000,
7712003625, -4.327885e+000,
7728878250, -4.337737e+000,
7745752875, -4.361833e+000,
7762627500, -4.346608e+000,
7779502125, -4.388648e+000,
7796376750, -4.377102e+000,
7813251375, -4.354769e+000,
7830126000, -4.375966e+000,
7847000625, -4.388849e+000,
7863875250, -4.402477e+000,
7880749875, -4.456755e+000,
7897624500, -4.468852e+000,
7914499125, -4.433980e+000,
7931373750, -4.420590e+000,
7948248375, -4.425768e+000,
7965123000, -4.470957e+000,
7981997625, -4.473546e+000,
7998872250, -4.459915e+000,
8015746875, -4.426296e+000,
8032621500, -4.451898e+000,
8049496125, -4.539082e+000,
8066370750, -4.565999e+000,
8083245375, -4.507447e+000,
8100120000, -4.462648e+000,
8116994625, -4.494776e+000,
8133869250, -4.484650e+000,
8150743875, -4.578697e+000,
8167618500, -4.633667e+000,
8184493125, -4.588396e+000,
8201367750, -4.520757e+000,
8218242375, -4.509017e+000,
8235117000, -4.508565e+000,
8251991625, -4.571241e+000,
8268866250, -4.601562e+000,
8285740875, -4.586580e+000,
8302615500, -4.578890e+000,
8319490125, -4.586517e+000,
8336364750, -4.559010e+000,
8353239375, -4.524368e+000,
8370114000, -4.529107e+000,
8386988625, -4.554928e+000,
8403863250, -4.572953e+000,
8420737875, -4.544434e+000,
8437612500, -4.544334e+000,
8454487125, -4.553041e+000,
8471361750, -4.568134e+000,
8488236375, -4.585575e+000,
8505111000, -4.632967e+000,
8521985625, -4.625092e+000,
8538860250, -4.652233e+000,
8555734875, -4.706624e+000,
8572609500, -4.679858e+000,
8589484125, -4.624143e+000,
8606358750, -4.640393e+000,
8623233375, -4.664896e+000,
8640108000, -4.624204e+000,
8656982625, -4.623699e+000,
8673857250, -4.626486e+000,
8690731875, -4.643780e+000,
8707606500, -4.613988e+000,
8724481125, -4.652087e+000,
8741355750, -4.647269e+000,
8758230375, -4.649172e+000,
8775105000, -4.673004e+000,
8791979625, -4.694161e+000,
8808854250, -4.747566e+000,
8825728875, -4.825320e+000,
8842603500, -4.790217e+000,
8859478125, -4.705786e+000,
8876352750, -4.717278e+000,
8893227375, -4.713714e+000,
8910102000, -4.681580e+000,
8926976625, -4.707604e+000,
8943851250, -4.708137e+000,
8960725875, -4.803484e+000,
8977600500, -4.888225e+000,
8994475125, -4.881277e+000,
9011349750, -4.892340e+000,
9028224375, -4.935565e+000,
9045099000, -4.832394e+000,
9061973625, -4.754508e+000,
9078848250, -4.726610e+000,
9095722875, -4.728422e+000,
9112597500, -4.780150e+000,
9129472125, -4.805967e+000,
9146346750, -4.786391e+000,
9163221375, -4.701600e+000,
9180096000, -4.731087e+000,
9196970625, -4.759497e+000,
9213845250, -4.809726e+000,
9230719875, -4.785903e+000,
9247594500, -4.779283e+000,
9264469125, -4.801167e+000,
9281343750, -4.784397e+000,
9298218375, -4.804010e+000,
9315093000, -4.793130e+000,
9331967625, -4.809263e+000,
9348842250, -4.767591e+000,
9365716875, -4.783657e+000,
9382591500, -4.830635e+000,
9399466125, -4.856717e+000,
9416340750, -4.820559e+000,
9433215375, -4.846240e+000,
9450090000, -4.857422e+000,
9466964625, -4.885025e+000,
9483839250, -4.940969e+000,
9500713875, -4.932849e+000,
9517588500, -5.011877e+000,
9534463125, -5.149467e+000,
9551337750, -5.224708e+000,
9568212375, -5.127545e+000,
9585087000, -5.149062e+000,
9601961625, -5.118739e+000,
9618836250, -5.022408e+000,
9635710875, -4.940016e+000,
9652585500, -4.933225e+000,
9669460125, -5.019772e+000,
9686334750, -5.088155e+000,
9703209375, -5.008727e+000,
9720084000, -4.935592e+000,
9736958625, -4.988522e+000,
9753833250, -4.993325e+000,
9770707875, -5.029282e+000,
9787582500, -5.090906e+000,
9804457125, -5.013001e+000,
9821331750, -4.934297e+000,
9838206375, -4.945144e+000,
9855081000, -4.944597e+000,
9871955625, -4.964830e+000,
9888830250, -5.001306e+000,
9905704875, -4.970034e+000,
9922579500, -4.965465e+000,
9939454125, -5.024523e+000,
9956328750, -5.033707e+000,
9973203375, -5.022652e+000,
9990078000, -4.967397e+000,
10006952625, -4.990037e+000,
10023827250, -5.000702e+000,
10040701875, -5.001558e+000,
10057576500, -5.040109e+000,
10074451125, -5.011048e+000,
10091325750, -5.003818e+000,
10108200375, -5.029787e+000,
10125075000, -5.020351e+000,
10141949625, -4.994966e+000,
10158824250, -5.028069e+000,
10175698875, -5.054761e+000,
10192573500, -5.138811e+000,
10209448125, -5.148818e+000,
10226322750, -5.177331e+000,
10243197375, -5.293310e+000,
10260072000, -5.265125e+000,
10276946625, -5.181733e+000,
10293821250, -5.293713e+000,
10310695875, -5.311424e+000,
10327570500, -5.220905e+000,
10344445125, -5.214688e+000,
10361319750, -5.172956e+000,
10378194375, -5.188070e+000,
10395069000, -5.292532e+000,
10411943625, -5.254115e+000,
10428818250, -5.139967e+000,
10445692875, -5.163734e+000,
10462567500, -5.123549e+000,
10479442125, -5.104642e+000,
10496316750, -5.112253e+000,
10513191375, -5.140708e+000,
10530066000, -5.108497e+000,
10546940625, -5.143516e+000,
10563815250, -5.144349e+000,
10580689875, -5.213120e+000,
10597564500, -5.182791e+000,
10614439125, -5.165903e+000,
10631313750, -5.195551e+000,
10648188375, -5.165592e+000,
10665063000, -5.127259e+000,
10681937625, -5.144707e+000,
10698812250, -5.160205e+000,
10715686875, -5.239150e+000,
10732561500, -5.252337e+000,
10749436125, -5.209649e+000,
10766310750, -5.247846e+000,
10783185375, -5.231826e+000,
10800060000, -5.234324e+000,
10816934625, -5.225042e+000,
10833809250, -5.246338e+000,
10850683875, -5.290262e+000,
10867558500, -5.288450e+000,
10884433125, -5.249279e+000,
10901307750, -5.274895e+000,
10918182375, -5.314611e+000,
10935057000, -5.306368e+000,
10951931625, -5.397346e+000,
10968806250, -5.382414e+000,
10985680875, -5.307513e+000,
11002555500, -5.352098e+000,
11019430125, -5.349173e+000,
11036304750, -5.348851e+000,
11053179375, -5.380834e+000,
11070054000, -5.345318e+000,
11086928625, -5.298220e+000,
11103803250, -5.350999e+000,
11120677875, -5.358721e+000,
11137552500, -5.292206e+000,
11154427125, -5.304672e+000,
11171301750, -5.395034e+000,
11188176375, -5.471567e+000,
11205051000, -5.455286e+000,
11221925625, -5.355525e+000,
11238800250, -5.319599e+000,
11255674875, -5.349840e+000,
11272549500, -5.421513e+000,
11289424125, -5.471302e+000,
11306298750, -5.398801e+000,
11323173375, -5.335153e+000,
11340048000, -5.385832e+000,
11356922625, -5.303416e+000,
11373797250, -5.342862e+000,
11390671875, -5.379733e+000,
11407546500, -5.396453e+000,
11424421125, -5.426318e+000,
11441295750, -5.460409e+000,
11458170375, -5.421625e+000,
11475045000, -5.378226e+000,
11491919625, -5.375471e+000,
11508794250, -5.421518e+000,
11525668875, -5.475383e+000,
11542543500, -5.518099e+000,
11559418125, -5.549084e+000,
11576292750, -5.518717e+000,
11593167375, -5.547889e+000,
11610042000, -5.698719e+000,
11626916625, -5.709510e+000,
11643791250, -5.549968e+000,
11660665875, -5.480241e+000,
11677540500, -5.506088e+000,
11694415125, -5.530474e+000,
11711289750, -5.580344e+000,
11728164375, -5.598958e+000,
11745039000, -5.610687e+000,
11761913625, -5.724062e+000,
11778788250, -5.746288e+000,
11795662875, -5.611230e+000,
11812537500, -5.478399e+000,
11829412125, -5.479121e+000,
11846286750, -5.502479e+000,
11863161375, -5.564609e+000,
11880036000, -5.642944e+000,
11896910625, -5.662545e+000,
11913785250, -5.643680e+000,
11930659875, -5.602299e+000,
11947534500, -5.699873e+000,
11964409125, -5.706450e+000,
11981283750, -5.618338e+000,
11998158375, -5.550404e+000,
12015033000, -5.584524e+000,
12031907625, -5.605133e+000,
12048782250, -5.716294e+000,
12065656875, -5.723965e+000,
12082531500, -5.634479e+000,
12099406125, -5.667614e+000,
12116280750, -5.680216e+000,
12133155375, -5.654690e+000,
12150030000, -5.610569e+000,
12166904625, -5.617500e+000,
12183779250, -5.568792e+000,
12200653875, -5.559467e+000,
12217528500, -5.586577e+000,
12234403125, -5.640014e+000,
12251277750, -5.685891e+000,
12268152375, -5.747644e+000,
12285027000, -5.735443e+000,
12301901625, -5.677150e+000,
12318776250, -5.692315e+000,
12335650875, -5.790365e+000,
12352525500, -5.769557e+000,
12369400125, -5.709124e+000,
12386274750, -5.649150e+000,
12403149375, -5.636489e+000,
12420024000, -5.673603e+000,
12436898625, -5.698250e+000,
12453773250, -5.749559e+000,
12470647875, -5.868723e+000,
12487522500, -5.839283e+000,
12504397125, -5.754965e+000,
12521271750, -5.780888e+000,
12538146375, -5.742358e+000,
12555021000, -5.701773e+000,
12571895625, -5.760565e+000,
12588770250, -5.790136e+000,
12605644875, -5.826764e+000,
12622519500, -5.885864e+000,
12639394125, -5.872122e+000,
12656268750, -5.972243e+000,
12673143375, -6.061193e+000,
12690018000, -5.950707e+000,
12706892625, -5.871528e+000,
12723767250, -5.895460e+000,
12740641875, -5.857008e+000,
12757516500, -5.857265e+000,
12774391125, -5.936299e+000,
12791265750, -5.875418e+000,
12808140375, -5.925294e+000,
12825015000, -5.998307e+000,
12841889625, -5.962628e+000,
12858764250, -5.920080e+000,
12875638875, -5.969643e+000,
12892513500, -5.941549e+000,
12909388125, -6.040383e+000,
12926262750, -6.147102e+000,
12943137375, -6.110596e+000,
12960012000, -5.972071e+000,
12976886625, -5.865092e+000,
12993761250, -5.840884e+000,
13010635875, -5.942901e+000,
13027510500, -5.943702e+000,
13044385125, -5.965634e+000,
13061259750, -5.893462e+000,
13078134375, -5.828170e+000,
13095009000, -5.846492e+000,
13111883625, -5.848813e+000,
13128758250, -5.852397e+000,
13145632875, -5.852351e+000,
13162507500, -5.860714e+000,
13179382125, -5.949976e+000,
13196256750, -5.959185e+000,
13213131375, -5.923837e+000,
13230006000, -5.990763e+000,
13246880625, -5.931798e+000,
13263755250, -5.912204e+000,
13280629875, -6.016237e+000,
13297504500, -5.927149e+000,
13314379125, -5.975186e+000,
13331253750, -6.134380e+000,
13348128375, -6.117458e+000,
13365003000, -6.089368e+000,
13381877625, -6.142761e+000,
13398752250, -6.074034e+000,
13415626875, -6.121062e+000,
13432501500, -6.206028e+000,
13449376125, -6.080933e+000,
13466250750, -5.946048e+000,
13483125375, -5.929104e+000,
13500000000, -5.962249e+000,
