"S21 Log Mag"
"Frequency (Hz)","dB",
300000, -6.836583e+001,
17174625, -6.826013e+001,
34049250, -6.476000e+001,
50923875, -7.888528e+001,
67798500, -6.940635e+001,
84673125, -7.012411e+001,
101547750, -7.167083e+001,
118422375, -7.971513e+001,
135297000, -7.668968e+001,
152171625, -7.026789e+001,
169046250, -7.370940e+001,
185920875, -6.582924e+001,
202795500, -7.267574e+001,
219670125, -7.063615e+001,
236544750, -7.271050e+001,
253419375, -7.132372e+001,
270294000, -7.725903e+001,
287168625, -7.207999e+001,
304043250, -7.240141e+001,
320917875, -6.966324e+001,
337792500, -6.978075e+001,
354667125, -8.562852e+001,
371541750, -7.082524e+001,
388416375, -6.651620e+001,
405291000, -7.381300e+001,
422165625, -6.760414e+001,
439040250, -7.414293e+001,
455914875, -7.816840e+001,
472789500, -7.384093e+001,
489664125, -7.495894e+001,
506538750, -6.676323e+001,
523413375, -7.393728e+001,
540288000, -7.046292e+001,
557162625, -6.782270e+001,
574037250, -8.433540e+001,
590911875, -7.880157e+001,
607786500, -6.909529e+001,
624661125, -7.001650e+001,
641535750, -7.689811e+001,
658410375, -6.867049e+001,
675285000, -7.419009e+001,
692159625, -7.119245e+001,
709034250, -7.430620e+001,
725908875, -6.581023e+001,
742783500, -7.841022e+001,
759658125, -6.476326e+001,
776532750, -8.449675e+001,
793407375, -8.030273e+001,
810282000, -7.741266e+001,
827156625, -6.847306e+001,
844031250, -7.175922e+001,
860905875, -7.683784e+001,
877780500, -6.767986e+001,
894655125, -6.823241e+001,
911529750, -7.572306e+001,
928404375, -6.382575e+001,
945279000, -7.015207e+001,
962153625, -6.909476e+001,
979028250, -7.304945e+001,
995902875, -6.302833e+001,
1012777500, -6.856244e+001,
1029652125, -7.771178e+001,
1046526750, -7.464182e+001,
1063401375, -6.745909e+001,
1080276000, -6.694956e+001,
1097150625, -6.925101e+001,
1114025250, -6.656709e+001,
1130899875, -6.239730e+001,
1147774500, -6.583406e+001,
1164649125, -6.820979e+001,
1181523750, -7.305264e+001,
1198398375, -7.470587e+001,
1215273000, -6.629720e+001,
1232147625, -6.424587e+001,
1249022250, -6.367261e+001,
1265896875, -7.280050e+001,
1282771500, -6.805528e+001,
1299646125, -7.017928e+001,
1316520750, -6.241030e+001,
1333395375, -6.369132e+001,
1350270000, -7.088558e+001,
1367144625, -6.237928e+001,
1384019250, -6.313266e+001,
1400893875, -6.113416e+001,
1417768500, -6.878181e+001,
1434643125, -6.115530e+001,
1451517750, -6.212137e+001,
1468392375, -6.268353e+001,
1485267000, -5.908023e+001,
1502141625, -6.570076e+001,
1519016250, -6.390169e+001,
1535890875, -6.129707e+001,
1552765500, -5.937466e+001,
1569640125, -6.232324e+001,
1586514750, -6.248666e+001,
1603389375, -5.957207e+001,
1620264000, -6.229999e+001,
1637138625, -6.196633e+001,
1654013250, -6.234947e+001,
1670887875, -5.746245e+001,
1687762500, -5.784794e+001,
1704637125, -5.867553e+001,
1721511750, -5.936168e+001,
1738386375, -6.218552e+001,
1755261000, -5.754309e+001,
1772135625, -5.770644e+001,
1789010250, -5.880381e+001,
1805884875, -5.951602e+001,
1822759500, -5.983664e+001,
1839634125, -5.537598e+001,
1856508750, -5.792725e+001,
1873383375, -5.664762e+001,
1890258000, -5.699805e+001,
1907132625, -5.791594e+001,
1924007250, -6.124575e+001,
1940881875, -5.628279e+001,
1957756500, -5.720751e+001,
1974631125, -5.438298e+001,
1991505750, -5.387029e+001,
2008380375, -5.591036e+001,
2025255000, -5.467910e+001,
2042129625, -5.769752e+001,
2059004250, -5.536615e+001,
2075878875, -5.588189e+001,
2092753500, -5.501757e+001,
2109628125, -5.431420e+001,
2126502750, -5.191058e+001,
2143377375, -5.250724e+001,
2160252000, -5.272583e+001,
2177126625, -5.235717e+001,
2194001250, -5.395862e+001,
2210875875, -5.278518e+001,
2227750500, -5.287680e+001,
2244625125, -5.284634e+001,
2261499750, -5.131377e+001,
2278374375, -5.090636e+001,
2295249000, -4.986837e+001,
2312123625, -5.081180e+001,
2328998250, -5.005033e+001,
2345872875, -5.200993e+001,
2362747500, -4.982775e+001,
2379622125, -5.033083e+001,
2396496750, -4.978002e+001,
2413371375, -4.817197e+001,
2430246000, -4.838280e+001,
2447120625, -4.675015e+001,
2463995250, -4.756933e+001,
2480869875, -4.907812e+001,
2497744500, -4.804688e+001,
2514619125, -4.695187e+001,
2531493750, -4.575143e+001,
2548368375, -4.509690e+001,
2565243000, -4.433313e+001,
2582117625, -4.445345e+001,
2598992250, -4.430843e+001,
2615866875, -4.514558e+001,
2632741500, -4.455912e+001,
2649616125, -4.516122e+001,
2666490750, -4.391857e+001,
2683365375, -4.361773e+001,
2700240000, -4.245092e+001,
2717114625, -4.160642e+001,
2733989250, -4.091269e+001,
2750863875, -4.123613e+001,
2767738500, -4.133081e+001,
2784613125, -4.067333e+001,
2801487750, -4.098061e+001,
2818362375, -3.968443e+001,
2835237000, -3.887308e+001,
2852111625, -3.760913e+001,
2868986250, -3.795104e+001,
2885860875, -3.752827e+001,
2902735500, -3.808755e+001,
2919610125, -3.821430e+001,
2936484750, -3.776387e+001,
2953359375, -3.710722e+001,
2970234000, -3.560077e+001,
2987108625, -3.446685e+001,
3003983250, -3.345333e+001,
3020857875, -3.296999e+001,
3037732500, -3.327724e+001,
3054607125, -3.332547e+001,
3071481750, -3.351385e+001,
3088356375, -3.292175e+001,
3105231000, -3.210631e+001,
3122105625, -3.082772e+001,
3138980250, -2.940767e+001,
3155854875, -2.856285e+001,
3172729500, -2.826698e+001,
3189604125, -2.822728e+001,
3206478750, -2.799578e+001,
3223353375, -2.753323e+001,
3240228000, -2.664887e+001,
3257102625, -2.554362e+001,
3273977250, -2.418885e+001,
3290851875, -2.335530e+001,
3307726500, -2.314782e+001,
3324601125, -2.338590e+001,
3341475750, -2.366795e+001,
3358350375, -2.339238e+001,
3375225000, -2.275186e+001,
3392099625, -2.145349e+001,
3408974250, -1.984633e+001,
3425848875, -1.818758e+001,
3442723500, -1.700270e+001,
3459598125, -1.661367e+001,
3476472750, -1.656657e+001,
3493347375, -1.634529e+001,
3510222000, -1.571181e+001,
3527096625, -1.467165e+001,
3543971250, -1.328114e+001,
3560845875, -1.179925e+001,
3577720500, -1.063396e+001,
3594595125, -1.011876e+001,
3611469750, -9.942233e+000,
3628344375, -9.679897e+000,
3645219000, -9.023858e+000,
3662093625, -7.847069e+000,
3678968250, -6.096337e+000,
3695842875, -3.954288e+000,
3712717500, -1.966407e+000,
3729592125, -8.099413e-001,
3746466750, -4.346069e-001,
3763341375, -1.664271e-001,
3780216000, 5.393124e-001,
3797090625, 1.794025e+000,
3813965250, 3.450756e+000,
3830839875, 5.100932e+000,
3847714500, 6.165652e+000,
3864589125, 6.530216e+000,
3881463750, 6.679169e+000,
3898338375, 6.972337e+000,
3915213000, 7.456809e+000,
3932087625, 8.040924e+000,
3948962250, 8.553841e+000,
3965836875, 8.803576e+000,
3982711500, 8.807641e+000,
3999586125, 8.746099e+000,
4016460750, 8.729645e+000,
4033335375, 8.754889e+000,
4050210000, 8.773306e+000,
4067084625, 8.728883e+000,
4083959250, 8.665742e+000,
4100833875, 8.598210e+000,
4117708500, 8.563826e+000,
4134583125, 8.573115e+000,
4151457750, 8.598656e+000,
4168332375, 8.604623e+000,
4185207000, 8.631085e+000,
4202081625, 8.671481e+000,
4218956250, 8.692342e+000,
4235830875, 8.655478e+000,
4252705500, 8.584410e+000,
4269580125, 8.493111e+000,
4286454750, 8.430002e+000,
4303329375, 8.441897e+000,
4320204000, 8.544274e+000,
4337078625, 8.643385e+000,
4353953250, 8.586283e+000,
4370827875, 8.331299e+000,
4387702500, 8.020370e+000,
4404577125, 7.783283e+000,
4421451750, 7.709763e+000,
4438326375, 7.836294e+000,
4455201000, 8.075523e+000,
4472075625, 8.289771e+000,
4488950250, 8.408085e+000,
4505824875, 8.437573e+000,
4522699500, 8.361309e+000,
4539574125, 8.257240e+000,
4556448750, 8.244741e+000,
4573323375, 8.372713e+000,
4590198000, 8.537349e+000,
4607072625, 8.624267e+000,
4623947250, 8.587858e+000,
4640821875, 8.446431e+000,
4657696500, 8.298711e+000,
4674571125, 8.186249e+000,
4691445750, 8.083004e+000,
4708320375, 8.054858e+000,
4725195000, 8.101927e+000,
4742069625, 8.090010e+000,
4758944250, 8.036174e+000,
4775818875, 8.091221e+000,
4792693500, 8.239538e+000,
4809568125, 8.391163e+000,
4826442750, 8.439159e+000,
4843317375, 8.299110e+000,
4860192000, 7.999649e+000,
4877066625, 7.718957e+000,
4893941250, 7.622720e+000,
4910815875, 7.734101e+000,
4927690500, 7.978498e+000,
4944565125, 8.233200e+000,
4961439750, 8.412492e+000,
4978314375, 8.420214e+000,
4995189000, 8.262333e+000,
5012063625, 8.088693e+000,
5028938250, 7.994459e+000,
5045812875, 8.042539e+000,
5062687500, 8.218635e+000,
5079562125, 8.396656e+000,
5096436750, 8.453925e+000,
5113311375, 8.362356e+000,
5130186000, 8.167808e+000,
5147060625, 7.975492e+000,
5163935250, 7.910503e+000,
5180809875, 7.958348e+000,
5197684500, 8.107224e+000,
5214559125, 8.299465e+000,
5231433750, 8.404506e+000,
5248308375, 8.382507e+000,
5265183000, 8.284861e+000,
5282057625, 8.205765e+000,
5298932250, 8.201057e+000,
5315806875, 8.274305e+000,
5332681500, 8.349557e+000,
5349556125, 8.406688e+000,
5366430750, 8.440363e+000,
5383305375, 8.438684e+000,
5400180000, 8.397813e+000,
5417054625, 8.361103e+000,
5433929250, 8.330147e+000,
5450803875, 8.302406e+000,
5467678500, 8.265144e+000,
5484553125, 8.230316e+000,
5501427750, 8.184083e+000,
5518302375, 8.150983e+000,
5535177000, 8.185167e+000,
5552051625, 8.287961e+000,
5568926250, 8.361349e+000,
5585800875, 8.375093e+000,
5602675500, 8.333778e+000,
5619550125, 8.257699e+000,
5636424750, 8.192332e+000,
5653299375, 8.180676e+000,
5670174000, 8.237792e+000,
5687048625, 8.362975e+000,
5703923250, 8.429628e+000,
5720797875, 8.343797e+000,
5737672500, 8.132388e+000,
5754547125, 7.948122e+000,
5771421750, 7.876398e+000,
5788296375, 7.953088e+000,
5805171000, 8.123511e+000,
5822045625, 8.300632e+000,
5838920250, 8.407248e+000,
5855794875, 8.399250e+000,
5872669500, 8.313377e+000,
5889544125, 8.203327e+000,
5906418750, 8.129785e+000,
5923293375, 8.159940e+000,
5940168000, 8.252187e+000,
5957042625, 8.340220e+000,
5973917250, 8.369251e+000,
5990791875, 8.335537e+000,
6007666500, 8.254129e+000,
6024541125, 8.206105e+000,
6041415750, 8.167605e+000,
6058290375, 8.159910e+000,
6075165000, 8.207778e+000,
6092039625, 8.286458e+000,
6108914250, 8.333251e+000,
6125788875, 8.328793e+000,
6142663500, 8.277901e+000,
6159538125, 8.233605e+000,
6176412750, 8.230030e+000,
6193287375, 8.269789e+000,
6210162000, 8.311744e+000,
6227036625, 8.310006e+000,
6243911250, 8.260219e+000,
6260785875, 8.218122e+000,
6277660500, 8.228973e+000,
6294535125, 8.281776e+000,
6311409750, 8.333213e+000,
6328284375, 8.360871e+000,
6345159000, 8.352265e+000,
6362033625, 8.314306e+000,
6378908250, 8.236366e+000,
6395782875, 8.159112e+000,
6412657500, 8.146488e+000,
6429532125, 8.203428e+000,
6446406750, 8.269052e+000,
6463281375, 8.308435e+000,
6480156000, 8.264331e+000,
6497030625, 8.170567e+000,
6513905250, 8.111538e+000,
6530779875, 8.110380e+000,
6547654500, 8.154692e+000,
6564529125, 8.226886e+000,
6581403750, 8.285491e+000,
6598278375, 8.321014e+000,
6615153000, 8.329310e+000,
6632027625, 8.296981e+000,
6648902250, 8.261003e+000,
6665776875, 8.241758e+000,
6682651500, 8.274636e+000,
6699526125, 8.316441e+000,
6716400750, 8.329043e+000,
6733275375, 8.296203e+000,
6750150000, 8.230451e+000,
6767024625, 8.164210e+000,
6783899250, 8.139066e+000,
6800773875, 8.159160e+000,
6817648500, 8.187149e+000,
6834523125, 8.190766e+000,
6851397750, 8.218540e+000,
6868272375, 8.214333e+000,
6885147000, 8.195445e+000,
6902021625, 8.186501e+000,
6918896250, 8.200321e+000,
6935770875, 8.231691e+000,
6952645500, 8.243894e+000,
6969520125, 8.197824e+000,
6986394750, 8.111970e+000,
7003269375, 8.045680e+000,
7020144000, 8.027581e+000,
7037018625, 8.079099e+000,
7053893250, 8.155366e+000,
7070767875, 8.188394e+000,
7087642500, 8.159073e+000,
7104517125, 8.047245e+000,
7121391750, 7.921408e+000,
7138266375, 7.828490e+000,
7155141000, 7.803245e+000,
7172015625, 7.875788e+000,
7188890250, 8.039031e+000,
7205764875, 8.184840e+000,
7222639500, 8.235545e+000,
7239514125, 8.221553e+000,
7256388750, 8.172316e+000,
7273263375, 8.142073e+000,
7290138000, 8.129443e+000,
7307012625, 8.120202e+000,
7323887250, 8.157619e+000,
7340761875, 8.212146e+000,
7357636500, 8.212485e+000,
7374511125, 8.171475e+000,
7391385750, 8.085653e+000,
7408260375, 8.019990e+000,
7425135000, 8.044596e+000,
7442009625, 8.142958e+000,
7458884250, 8.228632e+000,
7475758875, 8.254798e+000,
7492633500, 8.198877e+000,
7509508125, 8.141597e+000,
7526382750, 8.125243e+000,
7543257375, 8.152104e+000,
7560132000, 8.202033e+000,
7577006625, 8.255883e+000,
7593881250, 8.280502e+000,
7610755875, 8.262926e+000,
7627630500, 8.212644e+000,
7644505125, 8.155512e+000,
7661379750, 8.169118e+000,
7678254375, 8.215022e+000,
7695129000, 8.260345e+000,
7712003625, 8.226479e+000,
7728878250, 8.155996e+000,
7745752875, 8.074707e+000,
7762627500, 8.065251e+000,
7779502125, 8.091984e+000,
7796376750, 8.138984e+000,
7813251375, 8.167853e+000,
7830126000, 8.141998e+000,
7847000625, 8.019724e+000,
7863875250, 7.787319e+000,
7880749875, 7.533244e+000,
7897624500, 7.417248e+000,
7914499125, 7.500226e+000,
7931373750, 7.721433e+000,
7948248375, 7.950390e+000,
7965123000, 8.071904e+000,
7981997625, 8.045872e+000,
7998872250, 7.893559e+000,
8015746875, 7.725629e+000,
8032621500, 7.620748e+000,
8049496125, 7.641935e+000,
8066370750, 7.772373e+000,
8083245375, 7.894830e+000,
8100120000, 7.881016e+000,
8116994625, 7.697122e+000,
8133869250, 7.477892e+000,
8150743875, 7.344588e+000,
8167618500, 7.350832e+000,
8184493125, 7.512163e+000,
8201367750, 7.754717e+000,
8218242375, 7.975940e+000,
8235117000, 8.061701e+000,
8251991625, 7.989585e+000,
8268866250, 7.781632e+000,
8285740875, 7.554218e+000,
8302615500, 7.468779e+000,
8319490125, 7.576894e+000,
8336364750, 7.814710e+000,
8353239375, 8.050519e+000,
8370114000, 8.119834e+000,
8386988625, 7.998640e+000,
8403863250, 7.816616e+000,
8420737875, 7.711413e+000,
8437612500, 7.716794e+000,
8454487125, 7.808876e+000,
8471361750, 7.953617e+000,
8488236375, 8.127088e+000,
8505111000, 8.235870e+000,
8521985625, 8.203596e+000,
8538860250, 8.083644e+000,
8555734875, 7.981025e+000,
8572609500, 7.960891e+000,
8589484125, 8.036520e+000,
8606358750, 8.099655e+000,
8623233375, 8.102761e+000,
8640108000, 8.080089e+000,
8656982625, 8.059055e+000,
8673857250, 8.058496e+000,
8690731875, 8.053202e+000,
8707606500, 8.069992e+000,
8724481125, 8.117739e+000,
8741355750, 8.191253e+000,
8758230375, 8.227865e+000,
8775105000, 8.165553e+000,
8791979625, 8.031099e+000,
8808854250, 7.947459e+000,
8825728875, 7.997507e+000,
8842603500, 8.138142e+000,
8859478125, 8.242388e+000,
8876352750, 8.254308e+000,
8893227375, 8.235074e+000,
8910102000, 8.221262e+000,
8926976625, 8.230756e+000,
8943851250, 8.251334e+000,
8960725875, 8.250178e+000,
8977600500, 8.242683e+000,
8994475125, 8.263133e+000,
9011349750, 8.253171e+000,
9028224375, 8.178352e+000,
9045099000, 8.069370e+000,
9061973625, 8.015753e+000,
9078848250, 8.041124e+000,
9095722875, 8.094024e+000,
9112597500, 8.137371e+000,
9129472125, 8.179050e+000,
9146346750, 8.205746e+000,
9163221375, 8.208318e+000,
9180096000, 8.144428e+000,
9196970625, 8.076330e+000,
9213845250, 8.056030e+000,
9230719875, 8.133946e+000,
9247594500, 8.258387e+000,
9264469125, 8.296691e+000,
9281343750, 8.249743e+000,
9298218375, 8.176310e+000,
9315093000, 8.170135e+000,
9331967625, 8.238799e+000,
9348842250, 8.324709e+000,
9365716875, 8.341850e+000,
9382591500, 8.288020e+000,
9399466125, 8.231341e+000,
9416340750, 8.161359e+000,
9433215375, 8.039989e+000,
9450090000, 7.928422e+000,
9466964625, 7.886825e+000,
9483839250, 7.903864e+000,
9500713875, 7.932978e+000,
9517588500, 7.897956e+000,
9534463125, 7.777145e+000,
9551337750, 7.604709e+000,
9568212375, 7.569145e+000,
9585087000, 7.747799e+000,
9601961625, 8.005548e+000,
9618836250, 8.162842e+000,
9635710875, 8.213203e+000,
9652585500, 8.217546e+000,
9669460125, 8.220736e+000,
9686334750, 8.210720e+000,
9703209375, 8.175887e+000,
9720084000, 8.195931e+000,
9736958625, 8.254126e+000,
9753833250, 8.299877e+000,
9770707875, 8.270830e+000,
9787582500, 8.178548e+000,
9804457125, 8.083824e+000,
9821331750, 8.026234e+000,
9838206375, 7.986296e+000,
9855081000, 7.958577e+000,
9871955625, 8.003605e+000,
9888830250, 8.083158e+000,
9905704875, 8.192039e+000,
9922579500, 8.288301e+000,
9939454125, 8.282626e+000,
9956328750, 8.234988e+000,
9973203375, 8.220647e+000,
9990078000, 8.247274e+000,
10006952625, 8.261250e+000,
10023827250, 8.172479e+000,
10040701875, 8.028401e+000,
10057576500, 7.994668e+000,
10074451125, 8.057106e+000,
10091325750, 8.138325e+000,
10108200375, 8.205873e+000,
10125075000, 8.210812e+000,
10141949625, 8.175508e+000,
10158824250, 8.200150e+000,
10175698875, 8.257585e+000,
10192573500, 8.269393e+000,
10209448125, 8.254757e+000,
10226322750, 8.179873e+000,
10243197375, 8.051507e+000,
10260072000, 7.943456e+000,
10276946625, 7.848701e+000,
10293821250, 7.785387e+000,
10310695875, 7.852568e+000,
10327570500, 7.993972e+000,
10344445125, 8.131831e+000,
10361319750, 8.202460e+000,
10378194375, 8.191418e+000,
10395069000, 8.204325e+000,
10411943625, 8.272453e+000,
10428818250, 8.357204e+000,
10445692875, 8.390717e+000,
10462567500, 8.399694e+000,
10479442125, 8.358299e+000,
10496316750, 8.259761e+000,
10513191375, 8.051784e+000,
10530066000, 7.858530e+000,
10546940625, 7.810254e+000,
10563815250, 7.919742e+000,
10580689875, 7.994676e+000,
10597564500, 8.045084e+000,
10614439125, 8.056515e+000,
10631313750, 8.077117e+000,
10648188375, 8.169264e+000,
10665063000, 8.298514e+000,
10681937625, 8.397921e+000,
10698812250, 8.468560e+000,
10715686875, 8.464813e+000,
10732561500, 8.350241e+000,
10749436125, 8.195197e+000,
10766310750, 8.113836e+000,
10783185375, 8.191868e+000,
10800060000, 8.344976e+000,
10816934625, 8.419930e+000,
10833809250, 8.334138e+000,
10850683875, 8.159766e+000,
10867558500, 8.024635e+000,
10884433125, 8.050572e+000,
10901307750, 8.168590e+000,
10918182375, 8.218805e+000,
10935057000, 8.214942e+000,
10951931625, 8.159738e+000,
10968806250, 8.160648e+000,
10985680875, 8.137563e+000,
11002555500, 8.011893e+000,
11019430125, 7.828444e+000,
11036304750, 7.744320e+000,
11053179375, 7.780320e+000,
11070054000, 7.930912e+000,
11086928625, 8.171630e+000,
11103803250, 8.325424e+000,
11120677875, 8.334850e+000,
11137552500, 8.300321e+000,
11154427125, 8.288403e+000,
11171301750, 8.277381e+000,
11188176375, 8.247477e+000,
11205051000, 8.199995e+000,
11221925625, 8.161054e+000,
11238800250, 8.138920e+000,
11255674875, 8.171676e+000,
11272549500, 8.266973e+000,
11289424125, 8.312466e+000,
11306298750, 8.163499e+000,
11323173375, 7.875769e+000,
11340048000, 7.557007e+000,
11356922625, 7.413383e+000,
11373797250, 7.527036e+000,
11390671875, 7.774817e+000,
11407546500, 8.021113e+000,
11424421125, 8.226159e+000,
11441295750, 8.365980e+000,
11458170375, 8.424019e+000,
11475045000, 8.438025e+000,
11491919625, 8.418670e+000,
11508794250, 8.371895e+000,
11525668875, 8.306673e+000,
11542543500, 8.221525e+000,
11559418125, 8.113405e+000,
11576292750, 8.038473e+000,
11593167375, 8.014828e+000,
11610042000, 8.027159e+000,
11626916625, 8.091846e+000,
11643791250, 8.192375e+000,
11660665875, 8.274949e+000,
11677540500, 8.293339e+000,
11694415125, 8.240343e+000,
11711289750, 8.166255e+000,
11728164375, 8.166132e+000,
11745039000, 8.236196e+000,
11761913625, 8.311115e+000,
11778788250, 8.359783e+000,
11795662875, 8.372025e+000,
11812537500, 8.339391e+000,
11829412125, 8.289462e+000,
11846286750, 8.248767e+000,
11863161375, 8.194361e+000,
11880036000, 8.121625e+000,
11896910625, 8.012588e+000,
11913785250, 7.972783e+000,
11930659875, 8.015614e+000,
11947534500, 8.109163e+000,
11964409125, 8.232629e+000,
11981283750, 8.291276e+000,
11998158375, 8.249256e+000,
12015033000, 8.157709e+000,
12031907625, 8.100016e+000,
12048782250, 8.097451e+000,
12065656875, 8.133910e+000,
12082531500, 8.094903e+000,
12099406125, 7.878819e+000,
12116280750, 7.524904e+000,
12133155375, 7.076282e+000,
12150030000, 6.736474e+000,
12166904625, 6.588959e+000,
12183779250, 6.592876e+000,
12200653875, 6.559612e+000,
12217528500, 6.324360e+000,
12234403125, 5.704712e+000,
12251277750, 4.882175e+000,
12268152375, 4.112056e+000,
12285027000, 3.572986e+000,
12301901625, 3.176117e+000,
12318776250, 2.586261e+000,
12335650875, 1.538992e+000,
12352525500, 3.122579e-001,
12369400125, -7.263153e-001,
12386274750, -1.311475e+000,
12403149375, -1.514755e+000,
12420024000, -1.515827e+000,
12436898625, -1.475197e+000,
12453773250, -1.608751e+000,
12470647875, -2.164383e+000,
12487522500, -3.124617e+000,
12504397125, -4.191317e+000,
12521271750, -5.064650e+000,
12538146375, -5.635260e+000,
12555021000, -6.076302e+000,
12571895625, -6.639487e+000,
12588770250, -7.521151e+000,
12605644875, -8.807825e+000,
12622519500, -1.017473e+001,
12639394125, -1.134198e+001,
12656268750, -1.214700e+001,
12673143375, -1.242737e+001,
12690018000, -1.242668e+001,
12706892625, -1.253002e+001,
12723767250, -1.299930e+001,
12740641875, -1.381770e+001,
12757516500, -1.470191e+001,
12774391125, -1.542914e+001,
12791265750, -1.605762e+001,
12808140375, -1.624335e+001,
12825015000, -1.609496e+001,
12841889625, -1.606767e+001,
12858764250, -1.662318e+001,
12875638875, -1.810926e+001,
12892513500, -1.986115e+001,
12909388125, -2.119785e+001,
12926262750, -2.212020e+001,
12943137375, -2.244240e+001,
12960012000, -2.227732e+001,
12976886625, -2.171605e+001,
12993761250, -2.119578e+001,
13010635875, -2.087069e+001,
13027510500, -2.141555e+001,
13044385125, -2.251381e+001,
13061259750, -2.360352e+001,
13078134375, -2.426699e+001,
13095009000, -2.425158e+001,
13111883625, -2.389987e+001,
13128758250, -2.377674e+001,
13145632875, -2.413031e+001,
13162507500, -2.545029e+001,
13179382125, -2.684845e+001,
13196256750, -2.849507e+001,
13213131375, -2.973971e+001,
13230006000, -3.016059e+001,
13246880625, -3.091372e+001,
13263755250, -3.095381e+001,
13280629875, -3.112579e+001,
13297504500, -3.063072e+001,
13314379125, -3.127873e+001,
13331253750, -3.180359e+001,
13348128375, -3.188386e+001,
13365003000, -3.242208e+001,
13381877625, -3.237638e+001,
13398752250, -3.172176e+001,
13415626875, -3.124129e+001,
13432501500, -3.142749e+001,
13449376125, -3.234146e+001,
13466250750, -3.296512e+001,
13483125375, -3.369671e+001,
13500000000, -3.343266e+001,
