"S21 Log Mag"
"Frequency (Hz)","dB",
300000, -6.199794e+001,
17174625, -6.888587e+001,
34049250, -7.386574e+001,
50923875, -7.373679e+001,
67798500, -7.054659e+001,
84673125, -6.833853e+001,
101547750, -8.268238e+001,
118422375, -7.222643e+001,
135297000, -6.612937e+001,
152171625, -6.846647e+001,
169046250, -7.862086e+001,
185920875, -6.997296e+001,
202795500, -7.189339e+001,
219670125, -7.543623e+001,
236544750, -7.056819e+001,
253419375, -6.976041e+001,
270294000, -7.282486e+001,
287168625, -6.656602e+001,
304043250, -6.895242e+001,
320917875, -6.311831e+001,
337792500, -7.607350e+001,
354667125, -7.637939e+001,
371541750, -7.186407e+001,
388416375, -8.738202e+001,
405291000, -6.817630e+001,
422165625, -7.167965e+001,
439040250, -7.102914e+001,
455914875, -7.316492e+001,
472789500, -7.007136e+001,
489664125, -6.937691e+001,
506538750, -6.820776e+001,
523413375, -6.836667e+001,
540288000, -7.478651e+001,
557162625, -7.931441e+001,
574037250, -8.292830e+001,
590911875, -7.482651e+001,
607786500, -9.655767e+001,
624661125, -7.796145e+001,
641535750, -6.546525e+001,
658410375, -7.194360e+001,
675285000, -7.095422e+001,
692159625, -6.909271e+001,
709034250, -7.162531e+001,
725908875, -7.158437e+001,
742783500, -9.463741e+001,
759658125, -6.448604e+001,
776532750, -6.775041e+001,
793407375, -8.722935e+001,
810282000, -6.586871e+001,
827156625, -9.230486e+001,
844031250, -6.737327e+001,
860905875, -6.865296e+001,
877780500, -7.983533e+001,
894655125, -6.588280e+001,
911529750, -7.334779e+001,
928404375, -6.828529e+001,
945279000, -7.160784e+001,
962153625, -6.516008e+001,
979028250, -7.467256e+001,
995902875, -6.843670e+001,
1012777500, -6.474729e+001,
1029652125, -7.323003e+001,
1046526750, -6.721428e+001,
1063401375, -7.315768e+001,
1080276000, -6.830460e+001,
1097150625, -6.540454e+001,
1114025250, -7.315653e+001,
1130899875, -7.017636e+001,
1147774500, -8.040514e+001,
1164649125, -7.836373e+001,
1181523750, -6.460513e+001,
1198398375, -7.737441e+001,
1215273000, -6.649570e+001,
1232147625, -7.287976e+001,
1249022250, -7.036692e+001,
1265896875, -6.824727e+001,
1282771500, -6.541870e+001,
1299646125, -8.012167e+001,
1316520750, -6.591013e+001,
1333395375, -7.573026e+001,
1350270000, -6.738362e+001,
1367144625, -8.104321e+001,
1384019250, -6.836909e+001,
1400893875, -7.164255e+001,
1417768500, -8.148392e+001,
1434643125, -7.132079e+001,
1451517750, -7.023299e+001,
1468392375, -6.443630e+001,
1485267000, -7.307568e+001,
1502141625, -7.069321e+001,
1519016250, -7.406608e+001,
1535890875, -6.377927e+001,
1552765500, -7.508638e+001,
1569640125, -6.769657e+001,
1586514750, -7.266712e+001,
1603389375, -7.312781e+001,
1620264000, -7.482815e+001,
1637138625, -7.632074e+001,
1654013250, -8.630512e+001,
1670887875, -6.825835e+001,
1687762500, -6.444126e+001,
1704637125, -6.914236e+001,
1721511750, -8.327465e+001,
1738386375, -7.337061e+001,
1755261000, -6.616866e+001,
1772135625, -7.530170e+001,
1789010250, -7.590815e+001,
1805884875, -6.797794e+001,
1822759500, -6.824206e+001,
1839634125, -7.446494e+001,
1856508750, -7.112289e+001,
1873383375, -6.762233e+001,
1890258000, -7.813065e+001,
1907132625, -6.098574e+001,
1924007250, -6.389484e+001,
1940881875, -7.439209e+001,
1957756500, -6.460130e+001,
1974631125, -6.491466e+001,
1991505750, -6.726324e+001,
2008380375, -6.195947e+001,
2025255000, -6.132448e+001,
2042129625, -6.293509e+001,
2059004250, -7.025042e+001,
2075878875, -6.371112e+001,
2092753500, -6.870515e+001,
2109628125, -6.648067e+001,
2126502750, -5.802127e+001,
2143377375, -6.725240e+001,
2160252000, -6.381516e+001,
2177126625, -7.019157e+001,
2194001250, -6.208381e+001,
2210875875, -6.048474e+001,
2227750500, -6.740607e+001,
2244625125, -6.629561e+001,
2261499750, -6.197499e+001,
2278374375, -6.109875e+001,
2295249000, -6.089023e+001,
2312123625, -6.181047e+001,
2328998250, -6.173024e+001,
2345872875, -6.384047e+001,
2362747500, -6.069501e+001,
2379622125, -6.068986e+001,
2396496750, -5.756939e+001,
2413371375, -6.318356e+001,
2430246000, -5.840556e+001,
2447120625, -5.848382e+001,
2463995250, -6.020564e+001,
2480869875, -5.848015e+001,
2497744500, -5.927866e+001,
2514619125, -5.727835e+001,
2531493750, -5.982706e+001,
2548368375, -5.987752e+001,
2565243000, -5.840802e+001,
2582117625, -5.655772e+001,
2598992250, -5.771450e+001,
2615866875, -6.006039e+001,
2632741500, -5.511494e+001,
2649616125, -5.616082e+001,
2666490750, -5.486176e+001,
2683365375, -5.252476e+001,
2700240000, -5.269988e+001,
2717114625, -5.456630e+001,
2733989250, -5.451770e+001,
2750863875, -5.343348e+001,
2767738500, -5.247330e+001,
2784613125, -5.447388e+001,
2801487750, -5.110493e+001,
2818362375, -5.127758e+001,
2835237000, -5.111101e+001,
2852111625, -5.233181e+001,
2868986250, -5.044877e+001,
2885860875, -5.087721e+001,
2902735500, -4.798846e+001,
2919610125, -4.812985e+001,
2936484750, -4.765578e+001,
2953359375, -4.690510e+001,
2970234000, -4.740794e+001,
2987108625, -4.779845e+001,
3003983250, -4.675090e+001,
3020857875, -4.711186e+001,
3037732500, -4.586729e+001,
3054607125, -4.571085e+001,
3071481750, -4.440965e+001,
3088356375, -4.394098e+001,
3105231000, -4.324103e+001,
3122105625, -4.215267e+001,
3138980250, -4.151586e+001,
3155854875, -4.095443e+001,
3172729500, -4.019549e+001,
3189604125, -4.017209e+001,
3206478750, -4.025718e+001,
3223353375, -3.950425e+001,
3240228000, -3.963087e+001,
3257102625, -3.873757e+001,
3273977250, -3.869742e+001,
3290851875, -3.768933e+001,
3307726500, -3.679865e+001,
3324601125, -3.572301e+001,
3341475750, -3.507180e+001,
3358350375, -3.417282e+001,
3375225000, -3.365678e+001,
3392099625, -3.324910e+001,
3408974250, -3.238548e+001,
3425848875, -3.159803e+001,
3442723500, -3.043344e+001,
3459598125, -2.927194e+001,
3476472750, -2.864284e+001,
3493347375, -2.833177e+001,
3510222000, -2.783002e+001,
3527096625, -2.712685e+001,
3543971250, -2.627150e+001,
3560845875, -2.503546e+001,
3577720500, -2.370042e+001,
3594595125, -2.244244e+001,
3611469750, -2.158789e+001,
3628344375, -2.103539e+001,
3645219000, -2.057783e+001,
3662093625, -1.976121e+001,
3678968250, -1.873313e+001,
3695842875, -1.745360e+001,
3712717500, -1.626081e+001,
3729592125, -1.518958e+001,
3746466750, -1.412046e+001,
3763341375, -1.300107e+001,
3780216000, -1.179197e+001,
3797090625, -1.045515e+001,
3813965250, -9.309392e+000,
3830839875, -8.390732e+000,
3847714500, -7.522504e+000,
3864589125, -6.551674e+000,
3881463750, -5.610527e+000,
3898338375, -4.849593e+000,
3915213000, -4.370057e+000,
3932087625, -4.096570e+000,
3948962250, -3.942193e+000,
3965836875, -3.825452e+000,
3982711500, -3.779434e+000,
3999586125, -3.777062e+000,
4016460750, -3.789142e+000,
4033335375, -3.762497e+000,
4050210000, -3.739726e+000,
4067084625, -3.753361e+000,
4083959250, -3.771938e+000,
4100833875, -3.793551e+000,
4117708500, -3.796281e+000,
4134583125, -3.775182e+000,
4151457750, -3.760484e+000,
4168332375, -3.742915e+000,
4185207000, -3.729773e+000,
4202081625, -3.747779e+000,
4218956250, -3.775283e+000,
4235830875, -3.789405e+000,
4252705500, -3.771364e+000,
4269580125, -3.761134e+000,
4286454750, -3.808816e+000,
4303329375, -3.993905e+000,
4320204000, -4.250861e+000,
4337078625, -4.386133e+000,
4353953250, -4.309282e+000,
4370827875, -4.121473e+000,
4387702500, -3.993485e+000,
4404577125, -3.968313e+000,
4421451750, -3.999116e+000,
4438326375, -4.041894e+000,
4455201000, -4.047887e+000,
4472075625, -4.015785e+000,
4488950250, -3.974231e+000,
4505824875, -4.005976e+000,
4522699500, -4.107819e+000,
4539574125, -4.224710e+000,
4556448750, -4.241885e+000,
4573323375, -4.125087e+000,
4590198000, -3.953195e+000,
4607072625, -3.834002e+000,
4623947250, -3.790706e+000,
4640821875, -3.802170e+000,
4657696500, -3.846905e+000,
4674571125, -3.937823e+000,
4691445750, -3.996984e+000,
4708320375, -3.964147e+000,
4725195000, -3.910576e+000,
4742069625, -3.866447e+000,
4758944250, -3.834791e+000,
4775818875, -3.788051e+000,
4792693500, -3.828768e+000,
4809568125, -3.928093e+000,
4826442750, -3.988976e+000,
4843317375, -3.966693e+000,
4860192000, -3.926699e+000,
4877066625, -3.891931e+000,
4893941250, -3.881927e+000,
4910815875, -3.896608e+000,
4927690500, -3.943498e+000,
4944565125, -4.056759e+000,
4961439750, -4.187309e+000,
4978314375, -4.265874e+000,
4995189000, -4.257752e+000,
5012063625, -4.245308e+000,
5028938250, -4.297325e+000,
5045812875, -4.410174e+000,
5062687500, -4.460071e+000,
5079562125, -4.402394e+000,
5096436750, -4.320959e+000,
5113311375, -4.328009e+000,
5130186000, -4.373074e+000,
5147060625, -4.334345e+000,
5163935250, -4.177811e+000,
5180809875, -4.048524e+000,
5197684500, -4.023853e+000,
5214559125, -4.027519e+000,
5231433750, -4.005612e+000,
5248308375, -3.993258e+000,
5265183000, -4.020394e+000,
5282057625, -4.127161e+000,
5298932250, -4.283123e+000,
5315806875, -4.395936e+000,
5332681500, -4.362870e+000,
5349556125, -4.203135e+000,
5366430750, -4.070759e+000,
5383305375, -4.046382e+000,
5400180000, -4.110311e+000,
5417054625, -4.164259e+000,
5433929250, -4.141214e+000,
5450803875, -4.090643e+000,
5467678500, -4.036515e+000,
5484553125, -4.012103e+000,
5501427750, -4.019755e+000,
5518302375, -4.034910e+000,
5535177000, -4.060863e+000,
5552051625, -4.097767e+000,
5568926250, -4.124509e+000,
5585800875, -4.108487e+000,
5602675500, -4.103973e+000,
5619550125, -4.159131e+000,
5636424750, -4.279022e+000,
5653299375, -4.434562e+000,
5670174000, -4.617700e+000,
5687048625, -4.678079e+000,
5703923250, -4.621262e+000,
5720797875, -4.475711e+000,
5737672500, -4.323872e+000,
5754547125, -4.185417e+000,
5771421750, -4.111988e+000,
5788296375, -4.077681e+000,
5805171000, -4.090621e+000,
5822045625, -4.153691e+000,
5838920250, -4.239193e+000,
5855794875, -4.277804e+000,
5872669500, -4.313676e+000,
5889544125, -4.316662e+000,
5906418750, -4.366786e+000,
5923293375, -4.411057e+000,
5940168000, -4.390583e+000,
5957042625, -4.344138e+000,
5973917250, -4.264669e+000,
5990791875, -4.185035e+000,
6007666500, -4.164482e+000,
6024541125, -4.168655e+000,
6041415750, -4.208855e+000,
6058290375, -4.238113e+000,
6075165000, -4.251306e+000,
6092039625, -4.214676e+000,
6108914250, -4.176785e+000,
6125788875, -4.158646e+000,
6142663500, -4.165247e+000,
6159538125, -4.207883e+000,
6176412750, -4.237695e+000,
6193287375, -4.246838e+000,
6210162000, -4.232552e+000,
6227036625, -4.242904e+000,
6243911250, -4.279899e+000,
6260785875, -4.297896e+000,
6277660500, -4.319278e+000,
6294535125, -4.332677e+000,
6311409750, -4.310634e+000,
6328284375, -4.278777e+000,
6345159000, -4.274094e+000,
6362033625, -4.284247e+000,
6378908250, -4.304217e+000,
6395782875, -4.340960e+000,
6412657500, -4.357404e+000,
6429532125, -4.332585e+000,
6446406750, -4.328557e+000,
6463281375, -4.322369e+000,
6480156000, -4.334138e+000,
6497030625, -4.357757e+000,
6513905250, -4.363088e+000,
6530779875, -4.364006e+000,
6547654500, -4.411054e+000,
6564529125, -4.441427e+000,
6581403750, -4.470549e+000,
6598278375, -4.501123e+000,
6615153000, -4.548459e+000,
6632027625, -4.578962e+000,
6648902250, -4.592798e+000,
6665776875, -4.556865e+000,
6682651500, -4.476092e+000,
6699526125, -4.434021e+000,
6716400750, -4.464861e+000,
6733275375, -4.526603e+000,
6750150000, -4.642442e+000,
6767024625, -4.704833e+000,
6783899250, -4.624519e+000,
6800773875, -4.547418e+000,
6817648500, -4.533735e+000,
6834523125, -4.554245e+000,
6851397750, -4.542527e+000,
6868272375, -4.537014e+000,
6885147000, -4.533392e+000,
6902021625, -4.562932e+000,
6918896250, -4.694228e+000,
6935770875, -4.825669e+000,
6952645500, -4.839497e+000,
6969520125, -4.742835e+000,
6986394750, -4.711458e+000,
7003269375, -4.812950e+000,
7020144000, -5.031406e+000,
7037018625, -5.187442e+000,
7053893250, -5.090506e+000,
7070767875, -4.844428e+000,
7087642500, -4.637010e+000,
7104517125, -4.611293e+000,
7121391750, -4.652362e+000,
7138266375, -4.719487e+000,
7155141000, -4.732317e+000,
7172015625, -4.686620e+000,
7188890250, -4.770509e+000,
7205764875, -4.954657e+000,
7222639500, -5.023455e+000,
7239514125, -4.959352e+000,
7256388750, -4.844883e+000,
7273263375, -4.805793e+000,
7290138000, -4.845243e+000,
7307012625, -4.889694e+000,
7323887250, -4.838426e+000,
7340761875, -4.744363e+000,
7357636500, -4.721591e+000,
7374511125, -4.702240e+000,
7391385750, -4.728026e+000,
7408260375, -4.742433e+000,
7425135000, -4.711060e+000,
7442009625, -4.711717e+000,
7458884250, -4.714193e+000,
7475758875, -4.766279e+000,
7492633500, -4.788472e+000,
7509508125, -4.782196e+000,
7526382750, -4.803943e+000,
7543257375, -4.806209e+000,
7560132000, -4.886747e+000,
7577006625, -4.921168e+000,
7593881250, -4.875916e+000,
7610755875, -4.802919e+000,
7627630500, -4.776713e+000,
7644505125, -4.794967e+000,
7661379750, -4.828308e+000,
7678254375, -4.887841e+000,
7695129000, -4.932482e+000,
7712003625, -4.885381e+000,
7728878250, -4.924911e+000,
7745752875, -4.994074e+000,
7762627500, -4.991847e+000,
7779502125, -4.959428e+000,
7796376750, -4.904623e+000,
7813251375, -4.905714e+000,
7830126000, -4.900344e+000,
7847000625, -4.909347e+000,
7863875250, -4.912806e+000,
7880749875, -4.903450e+000,
7897624500, -4.937204e+000,
7914499125, -4.982544e+000,
7931373750, -5.020062e+000,
7948248375, -5.081510e+000,
7965123000, -5.094806e+000,
7981997625, -5.076285e+000,
7998872250, -5.068866e+000,
8015746875, -5.023123e+000,
8032621500, -5.009155e+000,
8049496125, -5.020785e+000,
8066370750, -5.080595e+000,
8083245375, -5.147651e+000,
8100120000, -5.212173e+000,
8116994625, -5.197768e+000,
8133869250, -5.068658e+000,
8150743875, -5.070687e+000,
8167618500, -5.051101e+000,
8184493125, -5.036052e+000,
8201367750, -5.058157e+000,
8218242375, -5.135342e+000,
8235117000, -5.256978e+000,
8251991625, -5.425296e+000,
8268866250, -5.582842e+000,
8285740875, -5.542932e+000,
8302615500, -5.340244e+000,
8319490125, -5.176831e+000,
8336364750, -5.132850e+000,
8353239375, -5.123500e+000,
8370114000, -5.113287e+000,
8386988625, -5.127162e+000,
8403863250, -5.144125e+000,
8420737875, -5.183429e+000,
8437612500, -5.228580e+000,
8454487125, -5.287426e+000,
8471361750, -5.355469e+000,
8488236375, -5.403391e+000,
8505111000, -5.463180e+000,
8521985625, -5.494079e+000,
8538860250, -5.411697e+000,
8555734875, -5.270943e+000,
8572609500, -5.185903e+000,
8589484125, -5.163833e+000,
8606358750, -5.164164e+000,
8623233375, -5.185316e+000,
8640108000, -5.246135e+000,
8656982625, -5.245633e+000,
8673857250, -5.211987e+000,
8690731875, -5.234322e+000,
8707606500, -5.270387e+000,
8724481125, -5.294524e+000,
8741355750, -5.328170e+000,
8758230375, -5.382718e+000,
8775105000, -5.428031e+000,
8791979625, -5.428187e+000,
8808854250, -5.365259e+000,
8825728875, -5.356209e+000,
8842603500, -5.441427e+000,
8859478125, -5.529597e+000,
8876352750, -5.532647e+000,
8893227375, -5.469300e+000,
8910102000, -5.386040e+000,
8926976625, -5.389703e+000,
8943851250, -5.375050e+000,
8960725875, -5.313987e+000,
8977600500, -5.331388e+000,
8994475125, -5.321576e+000,
9011349750, -5.359908e+000,
9028224375, -5.353419e+000,
9045099000, -5.387318e+000,
9061973625, -5.444909e+000,
9078848250, -5.475836e+000,
9095722875, -5.544653e+000,
9112597500, -5.554158e+000,
9129472125, -5.481817e+000,
9146346750, -5.437171e+000,
9163221375, -5.428494e+000,
9180096000, -5.492004e+000,
9196970625, -5.484132e+000,
9213845250, -5.462602e+000,
9230719875, -5.460994e+000,
9247594500, -5.468394e+000,
9264469125, -5.495646e+000,
9281343750, -5.520203e+000,
9298218375, -5.589644e+000,
9315093000, -5.590346e+000,
9331967625, -5.530271e+000,
9348842250, -5.478070e+000,
9365716875, -5.452513e+000,
9382591500, -5.474890e+000,
9399466125, -5.514869e+000,
9416340750, -5.549921e+000,
9433215375, -5.601698e+000,
9450090000, -5.653657e+000,
9466964625, -5.686979e+000,
9483839250, -5.640071e+000,
9500713875, -5.563616e+000,
9517588500, -5.565108e+000,
9534463125, -5.589639e+000,
9551337750, -5.597647e+000,
9568212375, -5.573027e+000,
9585087000, -5.582494e+000,
9601961625, -5.616648e+000,
9618836250, -5.630379e+000,
9635710875, -5.610685e+000,
9652585500, -5.617222e+000,
9669460125, -5.645921e+000,
9686334750, -5.638314e+000,
9703209375, -5.649631e+000,
9720084000, -5.670281e+000,
9736958625, -5.734809e+000,
9753833250, -5.807732e+000,
9770707875, -5.841900e+000,
9787582500, -5.815332e+000,
9804457125, -5.803294e+000,
9821331750, -5.806736e+000,
9838206375, -5.906719e+000,
9855081000, -6.064144e+000,
9871955625, -6.107611e+000,
9888830250, -6.008257e+000,
9905704875, -5.881430e+000,
9922579500, -5.805171e+000,
9939454125, -5.822268e+000,
9956328750, -5.889368e+000,
9973203375, -5.956483e+000,
9990078000, -5.958151e+000,
10006952625, -5.840715e+000,
10023827250, -5.771862e+000,
10040701875, -5.783050e+000,
10057576500, -5.800976e+000,
10074451125, -5.858178e+000,
10091325750, -6.024165e+000,
10108200375, -6.253263e+000,
10125075000, -6.362969e+000,
10141949625, -6.345590e+000,
10158824250, -6.263732e+000,
10175698875, -6.208691e+000,
10192573500, -6.142067e+000,
10209448125, -6.048882e+000,
10226322750, -5.992856e+000,
10243197375, -6.034841e+000,
10260072000, -6.064547e+000,
10276946625, -6.078321e+000,
10293821250, -6.129543e+000,
10310695875, -6.183999e+000,
10327570500, -6.207576e+000,
10344445125, -6.182318e+000,
10361319750, -6.212395e+000,
10378194375, -6.268216e+000,
10395069000, -6.340628e+000,
10411943625, -6.421226e+000,
10428818250, -6.353654e+000,
10445692875, -6.170254e+000,
10462567500, -6.047431e+000,
10479442125, -6.105972e+000,
10496316750, -6.242446e+000,
10513191375, -6.264391e+000,
10530066000, -6.162450e+000,
10546940625, -6.155569e+000,
10563815250, -6.185924e+000,
10580689875, -6.228105e+000,
10597564500, -6.222697e+000,
10614439125, -6.199916e+000,
10631313750, -6.180516e+000,
10648188375, -6.113367e+000,
10665063000, -6.086776e+000,
10681937625, -6.083692e+000,
10698812250, -6.135640e+000,
10715686875, -6.138950e+000,
10732561500, -6.161248e+000,
10749436125, -6.235414e+000,
10766310750, -6.378135e+000,
10783185375, -6.449852e+000,
10800060000, -6.409128e+000,
10816934625, -6.264714e+000,
10833809250, -6.237859e+000,
10850683875, -6.254251e+000,
10867558500, -6.359196e+000,
10884433125, -6.412169e+000,
10901307750, -6.462466e+000,
10918182375, -6.499208e+000,
10935057000, -6.509678e+000,
10951931625, -6.484298e+000,
10968806250, -6.414539e+000,
10985680875, -6.351936e+000,
11002555500, -6.404053e+000,
11019430125, -6.533719e+000,
11036304750, -6.615163e+000,
11053179375, -6.626672e+000,
11070054000, -6.684735e+000,
11086928625, -6.699975e+000,
11103803250, -6.716681e+000,
11120677875, -6.747049e+000,
11137552500, -6.653206e+000,
11154427125, -6.555561e+000,
11171301750, -6.495394e+000,
11188176375, -6.517002e+000,
11205051000, -6.579817e+000,
11221925625, -6.736456e+000,
11238800250, -6.953244e+000,
11255674875, -7.224077e+000,
11272549500, -7.297400e+000,
11289424125, -7.157235e+000,
11306298750, -6.916918e+000,
11323173375, -6.656094e+000,
11340048000, -6.569404e+000,
11356922625, -6.557398e+000,
11373797250, -6.636951e+000,
11390671875, -6.818323e+000,
11407546500, -7.070783e+000,
11424421125, -7.356685e+000,
11441295750, -7.592599e+000,
11458170375, -7.614668e+000,
11475045000, -7.395897e+000,
11491919625, -7.090289e+000,
11508794250, -6.876763e+000,
11525668875, -6.778423e+000,
11542543500, -6.819238e+000,
11559418125, -6.923417e+000,
11576292750, -7.037066e+000,
11593167375, -7.097290e+000,
11610042000, -7.062970e+000,
11626916625, -7.063220e+000,
11643791250, -7.143828e+000,
11660665875, -7.201280e+000,
11677540500, -7.144296e+000,
11694415125, -7.079189e+000,
11711289750, -7.074255e+000,
11728164375, -7.106028e+000,
11745039000, -7.131961e+000,
11761913625, -7.095099e+000,
11778788250, -6.999568e+000,
11795662875, -6.886002e+000,
11812537500, -6.800661e+000,
11829412125, -6.754809e+000,
11846286750, -6.887621e+000,
11863161375, -7.116811e+000,
11880036000, -7.352423e+000,
11896910625, -7.489511e+000,
11913785250, -7.374569e+000,
11930659875, -7.294458e+000,
11947534500, -7.281123e+000,
11964409125, -7.223547e+000,
11981283750, -7.121917e+000,
11998158375, -7.083806e+000,
12015033000, -7.156612e+000,
12031907625, -7.189266e+000,
12048782250, -7.284793e+000,
12065656875, -7.365723e+000,
12082531500, -7.378914e+000,
12099406125, -7.467985e+000,
12116280750, -7.540813e+000,
12133155375, -7.761269e+000,
12150030000, -8.076458e+000,
12166904625, -8.437334e+000,
12183779250, -8.625804e+000,
12200653875, -8.869938e+000,
12217528500, -9.191960e+000,
12234403125, -9.592930e+000,
12251277750, -1.001608e+001,
12268152375, -1.065845e+001,
12285027000, -1.171324e+001,
12301901625, -1.292375e+001,
12318776250, -1.363175e+001,
12335650875, -1.353810e+001,
12352525500, -1.262578e+001,
12369400125, -1.196638e+001,
12386274750, -1.250604e+001,
12403149375, -1.405083e+001,
12420024000, -1.579016e+001,
12436898625, -1.728867e+001,
12453773250, -1.856018e+001,
12470647875, -1.995210e+001,
12487522500, -2.130088e+001,
12504397125, -2.220193e+001,
12521271750, -2.284575e+001,
12538146375, -2.344991e+001,
12555021000, -2.389826e+001,
12571895625, -2.415447e+001,
12588770250, -2.444460e+001,
12605644875, -2.473255e+001,
12622519500, -2.519765e+001,
12639394125, -2.570286e+001,
12656268750, -2.613795e+001,
12673143375, -2.688328e+001,
12690018000, -2.880513e+001,
12706892625, -3.017502e+001,
12723767250, -3.173298e+001,
12740641875, -3.323024e+001,
12757516500, -3.378615e+001,
12774391125, -3.390523e+001,
12791265750, -3.271829e+001,
12808140375, -3.209337e+001,
12825015000, -3.112600e+001,
12841889625, -3.108585e+001,
12858764250, -3.115086e+001,
12875638875, -3.143462e+001,
12892513500, -3.224629e+001,
12909388125, -3.375684e+001,
12926262750, -3.506575e+001,
12943137375, -3.579547e+001,
12960012000, -3.479754e+001,
12976886625, -3.483840e+001,
12993761250, -3.501027e+001,
13010635875, -3.632428e+001,
13027510500, -3.731961e+001,
13044385125, -3.881872e+001,
13061259750, -3.882141e+001,
13078134375, -3.828262e+001,
13095009000, -3.748289e+001,
13111883625, -3.896504e+001,
13128758250, -3.944997e+001,
13145632875, -4.049610e+001,
13162507500, -4.111641e+001,
13179382125, -4.131589e+001,
13196256750, -4.196349e+001,
13213131375, -4.277002e+001,
13230006000, -4.193124e+001,
13246880625, -4.450198e+001,
13263755250, -4.512914e+001,
13280629875, -4.812918e+001,
13297504500, -4.602156e+001,
13314379125, -4.593956e+001,
13331253750, -4.614986e+001,
13348128375, -4.540069e+001,
13365003000, -4.583346e+001,
13381877625, -4.470039e+001,
13398752250, -4.629016e+001,
13415626875, -4.761382e+001,
13432501500, -4.900786e+001,
13449376125, -4.862208e+001,
13466250750, -4.688536e+001,
13483125375, -4.890199e+001,
13500000000, -4.845591e+001,
