"S21 Log Mag"
"Frequency (Hz)","dB",
300000, -4.357670e-002,
17174625, -4.767271e-001,
34049250, -6.620123e-001,
50923875, -7.486508e-001,
67798500, -8.152452e-001,
84673125, -8.687584e-001,
101547750, -9.034035e-001,
118422375, -9.237241e-001,
135297000, -9.447419e-001,
152171625, -9.699383e-001,
169046250, -1.014385e+000,
185920875, -9.962103e-001,
202795500, -1.036145e+000,
219670125, -1.062945e+000,
236544750, -1.080005e+000,
253419375, -1.092650e+000,
270294000, -1.117693e+000,
287168625, -1.139984e+000,
304043250, -1.175031e+000,
320917875, -1.187206e+000,
337792500, -1.166263e+000,
354667125, -1.183001e+000,
371541750, -1.210505e+000,
388416375, -1.227580e+000,
405291000, -1.239936e+000,
422165625, -1.250438e+000,
439040250, -1.259560e+000,
455914875, -1.279005e+000,
472789500, -1.290371e+000,
489664125, -1.302464e+000,
506538750, -1.318795e+000,
523413375, -1.329728e+000,
540288000, -1.355087e+000,
557162625, -1.368930e+000,
574037250, -1.366004e+000,
590911875, -1.370387e+000,
607786500, -1.375362e+000,
624661125, -1.371930e+000,
641535750, -1.394134e+000,
658410375, -1.417696e+000,
675285000, -1.432785e+000,
692159625, -1.449242e+000,
709034250, -1.473750e+000,
725908875, -1.473093e+000,
742783500, -1.496671e+000,
759658125, -1.490503e+000,
776532750, -1.469863e+000,
793407375, -1.422761e+000,
810282000, -1.575339e+000,
827156625, -1.585086e+000,
844031250, -1.582717e+000,
860905875, -1.593640e+000,
877780500, -1.606493e+000,
894655125, -1.628214e+000,
911529750, -1.652086e+000,
928404375, -1.668855e+000,
945279000, -1.672264e+000,
962153625, -1.683116e+000,
979028250, -1.695965e+000,
995902875, -1.702978e+000,
1012777500, -1.711920e+000,
1029652125, -1.714265e+000,
1046526750, -1.718870e+000,
1063401375, -1.734887e+000,
1080276000, -1.744509e+000,
1097150625, -1.759283e+000,
1114025250, -1.769768e+000,
1130899875, -1.794538e+000,
1147774500, -1.804744e+000,
1164649125, -1.799447e+000,
1181523750, -1.794609e+000,
1198398375, -1.803396e+000,
1215273000, -1.825359e+000,
1232147625, -1.841346e+000,
1249022250, -1.852357e+000,
1265896875, -1.862889e+000,
1282771500, -1.876699e+000,
1299646125, -1.879517e+000,
1316520750, -1.885161e+000,
1333395375, -1.903403e+000,
1350270000, -1.917880e+000,
1367144625, -1.927172e+000,
1384019250, -1.941158e+000,
1400893875, -1.965632e+000,
1417768500, -1.983471e+000,
1434643125, -1.996885e+000,
1451517750, -2.007023e+000,
1468392375, -2.008902e+000,
1485267000, -2.013299e+000,
1502141625, -2.038366e+000,
1519016250, -2.050294e+000,
1535890875, -2.049145e+000,
1552765500, -2.040710e+000,
1569640125, -2.056293e+000,
1586514750, -2.065691e+000,
1603389375, -2.074231e+000,
1620264000, -2.070720e+000,
1637138625, -2.082115e+000,
1654013250, -2.082217e+000,
1670887875, -2.095472e+000,
1687762500, -2.096692e+000,
1704637125, -2.074476e+000,
1721511750, -2.158008e+000,
1738386375, -2.177432e+000,
1755261000, -2.187505e+000,
1772135625, -2.192369e+000,
1789010250, -2.198886e+000,
1805884875, -2.196158e+000,
1822759500, -2.203092e+000,
1839634125, -2.215297e+000,
1856508750, -2.225629e+000,
1873383375, -2.236872e+000,
1890258000, -2.239760e+000,
1907132625, -2.244750e+000,
1924007250, -2.259422e+000,
1940881875, -2.274134e+000,
1957756500, -2.293640e+000,
1974631125, -2.302982e+000,
1991505750, -2.308443e+000,
2008380375, -2.321009e+000,
2025255000, -2.335791e+000,
2042129625, -2.350847e+000,
2059004250, -2.363753e+000,
2075878875, -2.382647e+000,
2092753500, -2.397182e+000,
2109628125, -2.392085e+000,
2126502750, -2.383655e+000,
2143377375, -2.396286e+000,
2160252000, -2.417281e+000,
2177126625, -2.429345e+000,
2194001250, -2.445670e+000,
2210875875, -2.444915e+000,
2227750500, -2.453738e+000,
2244625125, -2.451840e+000,
2261499750, -2.471974e+000,
2278374375, -2.508757e+000,
2295249000, -2.515501e+000,
2312123625, -2.523008e+000,
2328998250, -2.527670e+000,
2345872875, -2.532414e+000,
2362747500, -2.530341e+000,
2379622125, -2.558461e+000,
2396496750, -2.584708e+000,
2413371375, -2.607347e+000,
2430246000, -2.594541e+000,
2447120625, -2.572960e+000,
2463995250, -2.577255e+000,
2480869875, -2.581405e+000,
2497744500, -2.600493e+000,
2514619125, -2.609545e+000,
2531493750, -2.621072e+000,
2548368375, -2.643269e+000,
2565243000, -2.668844e+000,
2582117625, -2.700530e+000,
2598992250, -2.696377e+000,
2615866875, -2.701105e+000,
2632741500, -2.691729e+000,
2649616125, -2.695138e+000,
2666490750, -2.701017e+000,
2683365375, -2.737587e+000,
2700240000, -2.773091e+000,
2717114625, -2.778915e+000,
2733989250, -2.771083e+000,
2750863875, -2.764093e+000,
2767738500, -2.769364e+000,
2784613125, -2.795161e+000,
2801487750, -2.815429e+000,
2818362375, -2.819789e+000,
2835237000, -2.836576e+000,
2852111625, -2.844280e+000,
2868986250, -2.853947e+000,
2885860875, -2.864976e+000,
2902735500, -2.878513e+000,
2919610125, -2.895498e+000,
2936484750, -2.892586e+000,
2953359375, -2.891679e+000,
2970234000, -2.902455e+000,
2987108625, -2.922763e+000,
3003983250, -2.942806e+000,
3020857875, -2.944279e+000,
3037732500, -2.933538e+000,
3054607125, -2.946017e+000,
3071481750, -2.950780e+000,
3088356375, -2.961603e+000,
3105231000, -2.965765e+000,
3122105625, -2.973268e+000,
3138980250, -2.970845e+000,
3155854875, -2.980701e+000,
3172729500, -3.000667e+000,
3189604125, -3.045545e+000,
3206478750, -3.077780e+000,
3223353375, -3.114966e+000,
3240228000, -3.089560e+000,
3257102625, -3.053343e+000,
3273977250, -3.038100e+000,
3290851875, -3.041900e+000,
3307726500, -3.063645e+000,
3324601125, -3.087029e+000,
3341475750, -3.084846e+000,
3358350375, -3.103895e+000,
3375225000, -3.117226e+000,
3392099625, -3.141500e+000,
3408974250, -3.182886e+000,
3425848875, -3.215912e+000,
3442723500, -3.264288e+000,
3459598125, -3.283541e+000,
3476472750, -3.281691e+000,
3493347375, -3.261900e+000,
3510222000, -3.216462e+000,
3527096625, -3.177890e+000,
3543971250, -3.153069e+000,
3560845875, -3.166090e+000,
3577720500, -3.202941e+000,
3594595125, -3.241652e+000,
3611469750, -3.255049e+000,
3628344375, -3.247998e+000,
3645219000, -3.245234e+000,
3662093625, -3.264150e+000,
3678968250, -3.251961e+000,
3695842875, -3.236927e+000,
3712717500, -3.255629e+000,
3729592125, -3.257384e+000,
3746466750, -3.254410e+000,
3763341375, -3.237756e+000,
3780216000, -3.258940e+000,
3797090625, -3.324957e+000,
3813965250, -3.383533e+000,
3830839875, -3.389522e+000,
3847714500, -3.374991e+000,
3864589125, -3.354371e+000,
3881463750, -3.355948e+000,
3898338375, -3.373749e+000,
3915213000, -3.363821e+000,
3932087625, -3.359022e+000,
3948962250, -3.354671e+000,
3965836875, -3.342944e+000,
3982711500, -3.342092e+000,
3999586125, -3.380072e+000,
4016460750, -3.412394e+000,
4033335375, -3.454740e+000,
4050210000, -3.438393e+000,
4067084625, -3.416515e+000,
4083959250, -3.384555e+000,
4100833875, -3.372839e+000,
4117708500, -3.369900e+000,
4134583125, -3.368178e+000,
4151457750, -3.382127e+000,
4168332375, -3.413309e+000,
4185207000, -3.457308e+000,
4202081625, -3.513736e+000,
4218956250, -3.540340e+000,
4235830875, -3.542897e+000,
4252705500, -3.519201e+000,
4269580125, -3.494886e+000,
4286454750, -3.431267e+000,
4303329375, -3.392944e+000,
4320204000, -3.401172e+000,
4337078625, -3.461602e+000,
4353953250, -3.481008e+000,
4370827875, -3.456251e+000,
4387702500, -3.423159e+000,
4404577125, -3.431607e+000,
4421451750, -3.440786e+000,
4438326375, -3.452962e+000,
4455201000, -3.493362e+000,
4472075625, -3.534610e+000,
4488950250, -3.597247e+000,
4505824875, -3.602307e+000,
4522699500, -3.576317e+000,
4539574125, -3.518195e+000,
4556448750, -3.441587e+000,
4573323375, -3.405625e+000,
4590198000, -3.409724e+000,
4607072625, -3.428001e+000,
4623947250, -3.452549e+000,
4640821875, -3.483453e+000,
4657696500, -3.547827e+000,
4674571125, -3.629918e+000,
4691445750, -3.659822e+000,
4708320375, -3.598090e+000,
4725195000, -3.523806e+000,
4742069625, -3.489507e+000,
4758944250, -3.479578e+000,
4775818875, -3.461905e+000,
4792693500, -3.439261e+000,
4809568125, -3.446790e+000,
4826442750, -3.484525e+000,
4843317375, -3.504930e+000,
4860192000, -3.502810e+000,
4877066625, -3.504208e+000,
4893941250, -3.496109e+000,
4910815875, -3.542416e+000,
4927690500, -3.587648e+000,
4944565125, -3.621477e+000,
4961439750, -3.620174e+000,
4978314375, -3.564960e+000,
4995189000, -3.514738e+000,
5012063625, -3.501268e+000,
5028938250, -3.518036e+000,
5045812875, -3.546704e+000,
5062687500, -3.547454e+000,
5079562125, -3.541043e+000,
5096436750, -3.545480e+000,
5113311375, -3.557729e+000,
5130186000, -3.566489e+000,
5147060625, -3.560564e+000,
5163935250, -3.556426e+000,
5180809875, -3.602621e+000,
5197684500, -3.701766e+000,
5214559125, -3.728710e+000,
5231433750, -3.686229e+000,
5248308375, -3.640790e+000,
5265183000, -3.596457e+000,
5282057625, -3.570539e+000,
5298932250, -3.577260e+000,
5315806875, -3.656458e+000,
5332681500, -3.782715e+000,
5349556125, -3.839400e+000,
5366430750, -3.831422e+000,
5383305375, -3.766957e+000,
5400180000, -3.697124e+000,
5417054625, -3.658924e+000,
5433929250, -3.664119e+000,
5450803875, -3.690742e+000,
5467678500, -3.685662e+000,
5484553125, -3.675169e+000,
5501427750, -3.690888e+000,
5518302375, -3.752227e+000,
5535177000, -3.816262e+000,
5552051625, -3.848690e+000,
5568926250, -3.818391e+000,
5585800875, -3.734586e+000,
5602675500, -3.682544e+000,
5619550125, -3.676364e+000,
5636424750, -3.700455e+000,
5653299375, -3.748201e+000,
5670174000, -3.818556e+000,
5687048625, -3.843900e+000,
5703923250, -3.806156e+000,
5720797875, -3.776910e+000,
5737672500, -3.752040e+000,
5754547125, -3.734279e+000,
5771421750, -3.775727e+000,
5788296375, -3.813154e+000,
5805171000, -3.821719e+000,
5822045625, -3.811704e+000,
5838920250, -3.802187e+000,
5855794875, -3.782849e+000,
5872669500, -3.773673e+000,
5889544125, -3.804940e+000,
5906418750, -3.810149e+000,
5923293375, -3.810152e+000,
5940168000, -3.813548e+000,
5957042625, -3.798072e+000,
5973917250, -3.801224e+000,
5990791875, -3.781815e+000,
6007666500, -3.789241e+000,
6024541125, -3.809671e+000,
6041415750, -3.820577e+000,
6058290375, -3.820563e+000,
6075165000, -3.794407e+000,
6092039625, -3.739827e+000,
6108914250, -3.742939e+000,
6125788875, -3.760974e+000,
6142663500, -3.784419e+000,
6159538125, -3.836387e+000,
6176412750, -3.856129e+000,
6193287375, -3.864092e+000,
6210162000, -3.837177e+000,
6227036625, -3.805394e+000,
6243911250, -3.808525e+000,
6260785875, -3.820415e+000,
6277660500, -3.830287e+000,
6294535125, -3.857497e+000,
6311409750, -3.858580e+000,
6328284375, -3.856255e+000,
6345159000, -3.847124e+000,
6362033625, -3.846102e+000,
6378908250, -3.863036e+000,
6395782875, -3.868846e+000,
6412657500, -3.883759e+000,
6429532125, -3.888635e+000,
6446406750, -3.898642e+000,
6463281375, -3.895614e+000,
6480156000, -3.901665e+000,
6497030625, -3.917303e+000,
6513905250, -3.939294e+000,
6530779875, -3.976217e+000,
6547654500, -4.008212e+000,
6564529125, -4.001769e+000,
6581403750, -4.006723e+000,
6598278375, -4.006866e+000,
6615153000, -4.019720e+000,
6632027625, -4.036093e+000,
6648902250, -4.006116e+000,
6665776875, -3.990813e+000,
6682651500, -3.973955e+000,
6699526125, -3.990268e+000,
6716400750, -4.016892e+000,
6733275375, -4.069430e+000,
6750150000, -4.163697e+000,
6767024625, -4.268156e+000,
6783899250, -4.259647e+000,
6800773875, -4.169559e+000,
6817648500, -4.109159e+000,
6834523125, -4.126668e+000,
6851397750, -4.143353e+000,
6868272375, -4.189071e+000,
6885147000, -4.237735e+000,
6902021625, -4.217855e+000,
6918896250, -4.135148e+000,
6935770875, -4.111666e+000,
6952645500, -4.170491e+000,
6969520125, -4.291420e+000,
6986394750, -4.404628e+000,
7003269375, -4.468050e+000,
7020144000, -4.439695e+000,
7037018625, -4.291237e+000,
7053893250, -4.197983e+000,
7070767875, -4.195260e+000,
7087642500, -4.244979e+000,
7104517125, -4.271471e+000,
7121391750, -4.282383e+000,
7138266375, -4.309951e+000,
7155141000, -4.275364e+000,
7172015625, -4.235561e+000,
7188890250, -4.330239e+000,
7205764875, -4.423447e+000,
7222639500, -4.421171e+000,
7239514125, -4.352308e+000,
7256388750, -4.266920e+000,
7273263375, -4.232224e+000,
7290138000, -4.259788e+000,
7307012625, -4.320025e+000,
7323887250, -4.353820e+000,
7340761875, -4.288193e+000,
7357636500, -4.247926e+000,
7374511125, -4.224406e+000,
7391385750, -4.199691e+000,
7408260375, -4.248321e+000,
7425135000, -4.301326e+000,
7442009625, -4.307339e+000,
7458884250, -4.310605e+000,
7475758875, -4.243065e+000,
7492633500, -4.251447e+000,
7509508125, -4.272924e+000,
7526382750, -4.282486e+000,
7543257375, -4.323485e+000,
7560132000, -4.318285e+000,
7577006625, -4.285620e+000,
7593881250, -4.298376e+000,
7610755875, -4.339506e+000,
7627630500, -4.364938e+000,
7644505125, -4.366655e+000,
7661379750, -4.374698e+000,
7678254375, -4.434801e+000,
7695129000, -4.456981e+000,
7712003625, -4.422856e+000,
7728878250, -4.413561e+000,
7745752875, -4.390118e+000,
7762627500, -4.343894e+000,
7779502125, -4.354593e+000,
7796376750, -4.337251e+000,
7813251375, -4.344901e+000,
7830126000, -4.333415e+000,
7847000625, -4.346991e+000,
7863875250, -4.381279e+000,
7880749875, -4.427866e+000,
7897624500, -4.473367e+000,
7914499125, -4.495136e+000,
7931373750, -4.446442e+000,
7948248375, -4.401630e+000,
7965123000, -4.415156e+000,
7981997625, -4.397218e+000,
7998872250, -4.407651e+000,
8015746875, -4.434380e+000,
8032621500, -4.430612e+000,
8049496125, -4.420766e+000,
8066370750, -4.428525e+000,
8083245375, -4.437028e+000,
8100120000, -4.459616e+000,
8116994625, -4.476710e+000,
8133869250, -4.540833e+000,
8150743875, -4.575833e+000,
8167618500, -4.524807e+000,
8184493125, -4.500072e+000,
8201367750, -4.503815e+000,
8218242375, -4.525511e+000,
8235117000, -4.569143e+000,
8251991625, -4.636816e+000,
8268866250, -4.713813e+000,
8285740875, -4.709486e+000,
8302615500, -4.625507e+000,
8319490125, -4.597077e+000,
8336364750, -4.622808e+000,
8353239375, -4.649240e+000,
8370114000, -4.670271e+000,
8386988625, -4.672876e+000,
8403863250, -4.650982e+000,
8420737875, -4.644145e+000,
8437612500, -4.610501e+000,
8454487125, -4.588714e+000,
8471361750, -4.581345e+000,
8488236375, -4.585124e+000,
8505111000, -4.587414e+000,
8521985625, -4.591314e+000,
8538860250, -4.643082e+000,
8555734875, -4.680511e+000,
8572609500, -4.664556e+000,
8589484125, -4.622163e+000,
8606358750, -4.612545e+000,
8623233375, -4.639679e+000,
8640108000, -4.639162e+000,
8656982625, -4.640591e+000,
8673857250, -4.641089e+000,
8690731875, -4.656418e+000,
8707606500, -4.694235e+000,
8724481125, -4.713276e+000,
8741355750, -4.752260e+000,
8758230375, -4.827316e+000,
8775105000, -4.873815e+000,
8791979625, -4.876771e+000,
8808854250, -4.823415e+000,
8825728875, -4.761664e+000,
8842603500, -4.757379e+000,
8859478125, -4.808493e+000,
8876352750, -4.837377e+000,
8893227375, -4.836711e+000,
8910102000, -4.789792e+000,
8926976625, -4.745022e+000,
8943851250, -4.752153e+000,
8960725875, -4.745566e+000,
8977600500, -4.762500e+000,
8994475125, -4.797069e+000,
9011349750, -4.834437e+000,
9028224375, -4.872180e+000,
9045099000, -4.874640e+000,
9061973625, -4.847744e+000,
9078848250, -4.835976e+000,
9095722875, -4.803948e+000,
9112597500, -4.784702e+000,
9129472125, -4.820112e+000,
9146346750, -4.865628e+000,
9163221375, -4.873000e+000,
9180096000, -4.863842e+000,
9196970625, -4.828428e+000,
9213845250, -4.831392e+000,
9230719875, -4.848443e+000,
9247594500, -4.861996e+000,
9264469125, -4.876990e+000,
9281343750, -4.863480e+000,
9298218375, -4.909332e+000,
9315093000, -4.925618e+000,
9331967625, -4.865749e+000,
9348842250, -4.847101e+000,
9365716875, -4.826287e+000,
9382591500, -4.842166e+000,
9399466125, -4.865824e+000,
9416340750, -4.902020e+000,
9433215375, -4.929317e+000,
9450090000, -4.951464e+000,
9466964625, -4.990109e+000,
9483839250, -5.054050e+000,
9500713875, -5.019535e+000,
9517588500, -4.978137e+000,
9534463125, -4.935076e+000,
9551337750, -4.924307e+000,
9568212375, -4.959695e+000,
9585087000, -4.978057e+000,
9601961625, -4.966221e+000,
9618836250, -4.971382e+000,
9635710875, -4.978138e+000,
9652585500, -5.003720e+000,
9669460125, -5.000878e+000,
9686334750, -4.990476e+000,
9703209375, -4.989853e+000,
9720084000, -5.018240e+000,
9736958625, -5.057694e+000,
9753833250, -5.096309e+000,
9770707875, -5.108051e+000,
9787582500, -5.076303e+000,
9804457125, -5.055971e+000,
9821331750, -5.094226e+000,
9838206375, -5.162461e+000,
9855081000, -5.305610e+000,
9871955625, -5.406380e+000,
9888830250, -5.408467e+000,
9905704875, -5.334011e+000,
9922579500, -5.226962e+000,
9939454125, -5.192644e+000,
9956328750, -5.212378e+000,
9973203375, -5.312418e+000,
9990078000, -5.420154e+000,
10006952625, -5.452072e+000,
10023827250, -5.367760e+000,
10040701875, -5.321089e+000,
10057576500, -5.352210e+000,
10074451125, -5.452423e+000,
10091325750, -5.533433e+000,
10108200375, -5.492715e+000,
10125075000, -5.451270e+000,
10141949625, -5.455301e+000,
10158824250, -5.524895e+000,
10175698875, -5.548600e+000,
10192573500, -5.476667e+000,
10209448125, -5.333050e+000,
10226322750, -5.277246e+000,
10243197375, -5.312678e+000,
10260072000, -5.392108e+000,
10276946625, -5.513983e+000,
10293821250, -5.643225e+000,
10310695875, -5.707742e+000,
10327570500, -5.680406e+000,
10344445125, -5.636722e+000,
10361319750, -5.636714e+000,
10378194375, -5.633207e+000,
10395069000, -5.573636e+000,
10411943625, -5.502243e+000,
10428818250, -5.442067e+000,
10445692875, -5.389864e+000,
10462567500, -5.294291e+000,
10479442125, -5.249293e+000,
10496316750, -5.286635e+000,
10513191375, -5.471580e+000,
10530066000, -5.576015e+000,
10546940625, -5.537199e+000,
10563815250, -5.418029e+000,
10580689875, -5.364629e+000,
10597564500, -5.357148e+000,
10614439125, -5.329437e+000,
10631313750, -5.290424e+000,
10648188375, -5.327593e+000,
10665063000, -5.386757e+000,
10681937625, -5.391178e+000,
10698812250, -5.377234e+000,
10715686875, -5.313644e+000,
10732561500, -5.321681e+000,
10749436125, -5.379621e+000,
10766310750, -5.438933e+000,
10783185375, -5.474137e+000,
10800060000, -5.464087e+000,
10816934625, -5.361815e+000,
10833809250, -5.401081e+000,
10850683875, -5.364494e+000,
10867558500, -5.392724e+000,
10884433125, -5.444592e+000,
10901307750, -5.478766e+000,
10918182375, -5.581312e+000,
10935057000, -5.627512e+000,
10951931625, -5.732183e+000,
10968806250, -5.838542e+000,
10985680875, -5.878726e+000,
11002555500, -5.923646e+000,
11019430125, -5.948156e+000,
11036304750, -5.924163e+000,
11053179375, -5.765854e+000,
11070054000, -5.640902e+000,
11086928625, -5.565836e+000,
11103803250, -5.525198e+000,
11120677875, -5.486986e+000,
11137552500, -5.499706e+000,
11154427125, -5.518176e+000,
11171301750, -5.536500e+000,
11188176375, -5.599950e+000,
11205051000, -5.654930e+000,
11221925625, -5.751572e+000,
11238800250, -5.869017e+000,
11255674875, -5.980021e+000,
11272549500, -5.972451e+000,
11289424125, -5.880406e+000,
11306298750, -5.762427e+000,
11323173375, -5.671717e+000,
11340048000, -5.707891e+000,
11356922625, -5.814524e+000,
11373797250, -5.980760e+000,
11390671875, -6.167425e+000,
11407546500, -6.217791e+000,
11424421125, -6.273762e+000,
11441295750, -6.286094e+000,
11458170375, -6.349515e+000,
11475045000, -6.397573e+000,
11491919625, -6.349202e+000,
11508794250, -6.234372e+000,
11525668875, -6.054224e+000,
11542543500, -5.896831e+000,
11559418125, -5.855257e+000,
11576292750, -5.794602e+000,
11593167375, -5.794143e+000,
11610042000, -5.973697e+000,
11626916625, -6.151116e+000,
11643791250, -6.192900e+000,
11660665875, -6.071114e+000,
11677540500, -5.917800e+000,
11694415125, -5.845119e+000,
11711289750, -5.855026e+000,
11728164375, -5.899193e+000,
11745039000, -5.967852e+000,
11761913625, -5.978576e+000,
11778788250, -5.959184e+000,
11795662875, -5.878468e+000,
11812537500, -5.768112e+000,
11829412125, -5.737866e+000,
11846286750, -5.792141e+000,
11863161375, -5.885839e+000,
11880036000, -6.029404e+000,
11896910625, -6.196700e+000,
11913785250, -6.244807e+000,
11930659875, -6.156029e+000,
11947534500, -6.038662e+000,
11964409125, -5.987966e+000,
11981283750, -6.042048e+000,
11998158375, -6.035389e+000,
12015033000, -5.912700e+000,
12031907625, -5.843079e+000,
12048782250, -5.841216e+000,
12065656875, -5.829541e+000,
12082531500, -5.868011e+000,
12099406125, -5.894401e+000,
12116280750, -5.853199e+000,
12133155375, -5.864026e+000,
12150030000, -5.863695e+000,
12166904625, -5.891228e+000,
12183779250, -5.886789e+000,
12200653875, -5.902790e+000,
12217528500, -5.915257e+000,
12234403125, -5.918207e+000,
12251277750, -5.961949e+000,
12268152375, -6.014040e+000,
12285027000, -6.047527e+000,
12301901625, -6.111184e+000,
12318776250, -6.339507e+000,
12335650875, -6.689841e+000,
12352525500, -6.770706e+000,
12369400125, -6.581698e+000,
12386274750, -6.258915e+000,
12403149375, -6.124124e+000,
12420024000, -6.135019e+000,
12436898625, -6.175289e+000,
12453773250, -6.233179e+000,
12470647875, -6.299096e+000,
12487522500, -6.409126e+000,
12504397125, -6.466793e+000,
12521271750, -6.390205e+000,
12538146375, -6.284509e+000,
12555021000, -6.227578e+000,
12571895625, -6.160607e+000,
12588770250, -6.153774e+000,
12605644875, -6.227573e+000,
12622519500, -6.352448e+000,
12639394125, -6.380110e+000,
12656268750, -6.301277e+000,
12673143375, -6.257249e+000,
12690018000, -6.373781e+000,
12706892625, -6.432520e+000,
12723767250, -6.429624e+000,
12740641875, -6.623783e+000,
12757516500, -7.030224e+000,
12774391125, -7.319263e+000,
12791265750, -7.281930e+000,
12808140375, -7.056360e+000,
12825015000, -6.891273e+000,
12841889625, -6.641079e+000,
12858764250, -6.443323e+000,
12875638875, -6.487929e+000,
12892513500, -6.610936e+000,
12909388125, -6.571529e+000,
12926262750, -6.324361e+000,
12943137375, -6.183152e+000,
12960012000, -6.214336e+000,
12976886625, -6.252258e+000,
12993761250, -6.245676e+000,
13010635875, -6.283426e+000,
13027510500, -6.430970e+000,
13044385125, -6.511254e+000,
13061259750, -6.501963e+000,
13078134375, -6.461911e+000,
13095009000, -6.446173e+000,
13111883625, -6.502326e+000,
13128758250, -6.503563e+000,
13145632875, -6.409943e+000,
13162507500, -6.366590e+000,
13179382125, -6.330545e+000,
13196256750, -6.392963e+000,
13213131375, -6.533473e+000,
13230006000, -6.634489e+000,
13246880625, -6.660119e+000,
13263755250, -6.660630e+000,
13280629875, -6.630293e+000,
13297504500, -6.608516e+000,
13314379125, -6.497443e+000,
13331253750, -6.404070e+000,
13348128375, -6.335637e+000,
13365003000, -6.432857e+000,
13381877625, -6.454587e+000,
13398752250, -6.397300e+000,
13415626875, -6.350248e+000,
13432501500, -6.375517e+000,
13449376125, -6.366334e+000,
13466250750, -6.320131e+000,
13483125375, -6.273268e+000,
13500000000, -6.400241e+000,
